Search type: BFS
Size of world N: 4
Start point: (1, 45)
End point: (2, 315)
Obstacles located at: [(2, 45)]

Starting Breadth-First Search...
Iteration #1 -------------------------
Current node: (1, 45)
Frontier: [(1, 90), (1, 0), (0, 45)]
Explored States: [(1, 45)]
Iteration #2 -------------------------
Current node: (1, 90)
Frontier: [(1, 0), (0, 45), (1, 135), (0, 90)]
Explored States: [(1, 45), (1, 90)]
Iteration #3 -------------------------
Current node: (1, 0)
Frontier: [(0, 45), (1, 135), (0, 90), (1, 315)]
Explored States: [(1, 45), (1, 90), (1, 0)]
Iteration #4 -------------------------
Current node: (0, 45)
Frontier: [(1, 135), (0, 90), (1, 315)]
Explored States: [(1, 45), (1, 90), (1, 0), (0, 45)]
Iteration #5 -------------------------
Current node: (1, 135)
Frontier: [(0, 90), (1, 315), (1, 180), (0, 135)]
Explored States: [(1, 45), (1, 90), (1, 0), (0, 45), (1, 135)]
Iteration #6 -------------------------
Current node: (0, 90)
Frontier: [(1, 315), (1, 180), (0, 135)]
Explored States: [(1, 45), (1, 90), (1, 0), (0, 45), (1, 135), (0, 90)]
Iteration #7 -------------------------
Current node: (1, 315)
Frontier: [(1, 180), (0, 135), (1, 270), (0, 315)]
Explored States: [(1, 45), (1, 90), (1, 0), (0, 45), (1, 135), (0, 90), (1, 315)]
Iteration #8 -------------------------
Current node: (1, 180)
Frontier: [(0, 135), (1, 270), (0, 315), (1, 225), (0, 180)]
Explored States: [(1, 45), (1, 90), (1, 0), (0, 45), (1, 135), (0, 90), (1, 315), (1, 180)]
Iteration #9 -------------------------
Current node: (0, 135)
Frontier: [(1, 270), (0, 315), (1, 225), (0, 180)]
Explored States: [(1, 45), (1, 90), (1, 0), (0, 45), (1, 135), (0, 90), (1, 315), (1, 180), (0, 135)]
Iteration #10 -------------------------
Current node: (1, 270)
Frontier: [(0, 315), (1, 225), (0, 180), (0, 270)]
Explored States: [(1, 45), (1, 90), (1, 0), (0, 45), (1, 135), (0, 90), (1, 315), (1, 180), (0, 135), (1, 270)]
Iteration #11 -------------------------
Current node: (0, 315)
Frontier: [(1, 225), (0, 180), (0, 270)]
Explored States: [(1, 45), (1, 90), (1, 0), (0, 45), (1, 135), (0, 90), (1, 315), (1, 180), (0, 135), (1, 270), (0, 315)]
Iteration #12 -------------------------
Current node: (1, 225)
Frontier: [(0, 180), (0, 270), (0, 225)]
Explored States: [(1, 45), (1, 90), (1, 0), (0, 45), (1, 135), (0, 90), (1, 315), (1, 180), (0, 135), (1, 270), (0, 315), (1, 225)]
Iteration #13 -------------------------
Current node: (0, 180)
Frontier: [(0, 270), (0, 225)]
Explored States: [(1, 45), (1, 90), (1, 0), (0, 45), (1, 135), (0, 90), (1, 315), (1, 180), (0, 135), (1, 270), (0, 315), (1, 225), (0, 180)]
Iteration #14 -------------------------
Current node: (0, 270)
Frontier: [(0, 225)]
Explored States: [(1, 45), (1, 90), (1, 0), (0, 45), (1, 135), (0, 90), (1, 315), (1, 180), (0, 135), (1, 270), (0, 315), (1, 225), (0, 180), (0, 270)]
Iteration #15 -------------------------
Current node: (0, 225)
Frontier: []
Explored States: [(1, 45), (1, 90), (1, 0), (0, 45), (1, 135), (0, 90), (1, 315), (1, 180), (0, 135), (1, 270), (0, 315), (1, 225), (0, 180), (0, 270), (0, 225)]

No path from (1, 45) to (2, 315) found!
Try removing obstacles to allow the algorithm to find a route.
