Search type: BFS
Size of world N: 4
Start point: (1, 45)
End point: (3, 225)
Obstacles located at: [(1, 90), (1, 0)]

Starting Breadth-First Search...
Iteration #1 -------------------------
Current node: (1, 45)
Frontier: [(0, 45), (2, 45)]
Explored States: [(1, 45)]
Iteration #2 -------------------------
Current node: (0, 45)
Frontier: [(2, 45), (0, 90)]
Explored States: [(1, 45), (0, 45)]
Iteration #3 -------------------------
Current node: (2, 45)
Frontier: [(0, 90), (2, 90), (2, 0), (3, 45)]
Explored States: [(1, 45), (0, 45), (2, 45)]
Iteration #4 -------------------------
Current node: (0, 90)
Frontier: [(2, 90), (2, 0), (3, 45), (0, 135)]
Explored States: [(1, 45), (0, 45), (2, 45), (0, 90)]
Iteration #5 -------------------------
Current node: (2, 90)
Frontier: [(2, 0), (3, 45), (0, 135), (2, 135), (3, 90)]
Explored States: [(1, 45), (0, 45), (2, 45), (0, 90), (2, 90)]
Iteration #6 -------------------------
Current node: (2, 0)
Frontier: [(3, 45), (0, 135), (2, 135), (3, 90), (2, 315), (3, 0)]
Explored States: [(1, 45), (0, 45), (2, 45), (0, 90), (2, 90), (2, 0)]
Iteration #7 -------------------------
Current node: (3, 45)
Frontier: [(0, 135), (2, 135), (3, 90), (2, 315), (3, 0)]
Explored States: [(1, 45), (0, 45), (2, 45), (0, 90), (2, 90), (2, 0), (3, 45)]
Iteration #8 -------------------------
Current node: (0, 135)
Frontier: [(2, 135), (3, 90), (2, 315), (3, 0), (0, 180)]
Explored States: [(1, 45), (0, 45), (2, 45), (0, 90), (2, 90), (2, 0), (3, 45), (0, 135)]
Iteration #9 -------------------------
Current node: (2, 135)
Frontier: [(3, 90), (2, 315), (3, 0), (0, 180), (2, 180), (3, 135)]
Explored States: [(1, 45), (0, 45), (2, 45), (0, 90), (2, 90), (2, 0), (3, 45), (0, 135), (2, 135)]
Iteration #10 -------------------------
Current node: (3, 90)
Frontier: [(2, 315), (3, 0), (0, 180), (2, 180), (3, 135)]
Explored States: [(1, 45), (0, 45), (2, 45), (0, 90), (2, 90), (2, 0), (3, 45), (0, 135), (2, 135), (3, 90)]
Iteration #11 -------------------------
Current node: (2, 315)
Frontier: [(3, 0), (0, 180), (2, 180), (3, 135), (2, 270), (3, 315)]
Explored States: [(1, 45), (0, 45), (2, 45), (0, 90), (2, 90), (2, 0), (3, 45), (0, 135), (2, 135), (3, 90), (2, 315)]
Iteration #12 -------------------------
Current node: (3, 0)
Frontier: [(0, 180), (2, 180), (3, 135), (2, 270), (3, 315)]
Explored States: [(1, 45), (0, 45), (2, 45), (0, 90), (2, 90), (2, 0), (3, 45), (0, 135), (2, 135), (3, 90), (2, 315), (3, 0)]
Iteration #13 -------------------------
Current node: (0, 180)
Frontier: [(2, 180), (3, 135), (2, 270), (3, 315), (0, 225)]
Explored States: [(1, 45), (0, 45), (2, 45), (0, 90), (2, 90), (2, 0), (3, 45), (0, 135), (2, 135), (3, 90), (2, 315), (3, 0), (0, 180)]
Iteration #14 -------------------------
Current node: (2, 180)
Frontier: [(3, 135), (2, 270), (3, 315), (0, 225), (2, 225), (3, 180)]
Explored States: [(1, 45), (0, 45), (2, 45), (0, 90), (2, 90), (2, 0), (3, 45), (0, 135), (2, 135), (3, 90), (2, 315), (3, 0), (0, 180), (2, 180)]
Iteration #15 -------------------------
Current node: (3, 135)
Frontier: [(2, 270), (3, 315), (0, 225), (2, 225), (3, 180)]
Explored States: [(1, 45), (0, 45), (2, 45), (0, 90), (2, 90), (2, 0), (3, 45), (0, 135), (2, 135), (3, 90), (2, 315), (3, 0), (0, 180), (2, 180), (3, 135)]
Iteration #16 -------------------------
Current node: (2, 270)
Frontier: [(3, 315), (0, 225), (2, 225), (3, 180), (3, 270)]
Explored States: [(1, 45), (0, 45), (2, 45), (0, 90), (2, 90), (2, 0), (3, 45), (0, 135), (2, 135), (3, 90), (2, 315), (3, 0), (0, 180), (2, 180), (3, 135), (2, 270)]
Iteration #17 -------------------------
Current node: (3, 315)
Frontier: [(0, 225), (2, 225), (3, 180), (3, 270)]
Explored States: [(1, 45), (0, 45), (2, 45), (0, 90), (2, 90), (2, 0), (3, 45), (0, 135), (2, 135), (3, 90), (2, 315), (3, 0), (0, 180), (2, 180), (3, 135), (2, 270), (3, 315)]
Iteration #18 -------------------------
Current node: (0, 225)
Frontier: [(2, 225), (3, 180), (3, 270), (0, 270)]
Explored States: [(1, 45), (0, 45), (2, 45), (0, 90), (2, 90), (2, 0), (3, 45), (0, 135), (2, 135), (3, 90), (2, 315), (3, 0), (0, 180), (2, 180), (3, 135), (2, 270), (3, 315), (0, 225)]
Iteration #19 -------------------------
Current node: (2, 225)
Frontier: [(3, 180), (3, 270), (0, 270), (3, 225)]
Explored States: [(1, 45), (0, 45), (2, 45), (0, 90), (2, 90), (2, 0), (3, 45), (0, 135), (2, 135), (3, 90), (2, 315), (3, 0), (0, 180), (2, 180), (3, 135), (2, 270), (3, 315), (0, 225), (2, 225)]
Iteration #20 -------------------------
Current node: (3, 180)
Frontier: [(3, 270), (0, 270), (3, 225)]
Explored States: [(1, 45), (0, 45), (2, 45), (0, 90), (2, 90), (2, 0), (3, 45), (0, 135), (2, 135), (3, 90), (2, 315), (3, 0), (0, 180), (2, 180), (3, 135), (2, 270), (3, 315), (0, 225), (2, 225), (3, 180)]
Iteration #21 -------------------------
Current node: (3, 270)
Frontier: [(0, 270), (3, 225)]
Explored States: [(1, 45), (0, 45), (2, 45), (0, 90), (2, 90), (2, 0), (3, 45), (0, 135), (2, 135), (3, 90), (2, 315), (3, 0), (0, 180), (2, 180), (3, 135), (2, 270), (3, 315), (0, 225), (2, 225), (3, 180), (3, 270)]
Iteration #22 -------------------------
Current node: (0, 270)
Frontier: [(3, 225), (0, 315)]
Explored States: [(1, 45), (0, 45), (2, 45), (0, 90), (2, 90), (2, 0), (3, 45), (0, 135), (2, 135), (3, 90), (2, 315), (3, 0), (0, 180), (2, 180), (3, 135), (2, 270), (3, 315), (0, 225), (2, 225), (3, 180), (3, 270), (0, 270)]
Iteration #23 -------------------------
Current node: (3, 225)
Frontier: [(0, 315)]
Explored States: [(1, 45), (0, 45), (2, 45), (0, 90), (2, 90), (2, 0), (3, 45), (0, 135), (2, 135), (3, 90), (2, 315), (3, 0), (0, 180), (2, 180), (3, 135), (2, 270), (3, 315), (0, 225), (2, 225), (3, 180), (3, 270), (0, 270), (3, 225)]

Path found using BFS in 4.438 ms!
Flight instructions (6) : [H180, H90, H90, H90, H90, H180]
Path followed (7 states): [(1, 45), (2, 45), (2, 90), (2, 135), (2, 180), (2, 225), (3, 225)]
Solution path cost: 8.283

Current node depth: 6
Nodes created: 24
23 states expanded: [(1, 45), (0, 45), (2, 45), (0, 90), (2, 90), (2, 0), (3, 45), (0, 135), (2, 135), (3, 90), (2, 315), (3, 0), (0, 180), (2, 180), (3, 135), (2, 270), (3, 315), (0, 225), (2, 225), (3, 180), (3, 270), (0, 270), (3, 225)]
