Search type: AStar
Size of world N: 10
Start point: (7, 270)
End point: (7, 90)
Obstacles located at: []

Starting A* Search...
Iteration #1 -------------------------
Current node: (7, 270)
Frontier: [(7, 315) 12.516, (7, 225) 12.516, (6, 270) 12.516, (8, 270) 12.516, ]
Explored States: [(7, 270)]
Iteration #2 -------------------------
Current node: (7, 315)
Frontier: [(8, 270) 12.516, (7, 225) 12.516, (6, 270) 12.516, (7, 0) 13.372, (6, 315) 13.372, (8, 315) 13.372, ]
Explored States: [(7, 270), (7, 315)]
Iteration #3 -------------------------
Current node: (8, 270)
Frontier: [(7, 225) 12.516, (8, 315) 13.372, (6, 270) 12.516, (7, 0) 13.372, (6, 315) 13.372, (8, 225) 14.417, (9, 270) 14.417, ]
Explored States: [(7, 270), (7, 315), (8, 270)]
Iteration #4 -------------------------
Current node: (7, 225)
Frontier: [(6, 270) 12.516, (8, 315) 13.372, (9, 270) 14.417, (7, 0) 13.372, (6, 315) 13.372, (8, 225) 14.417, (7, 180) 19.484, (6, 225) 19.484, ]
Explored States: [(7, 270), (7, 315), (8, 270), (7, 225)]
Iteration #5 -------------------------
Current node: (6, 270)
Frontier: [(5, 270) 12.631, (8, 225) 14.417, (6, 315) 13.372, (6, 225) 19.484, (7, 180) 19.484, (9, 270) 14.417, ]
Explored States: [(7, 270), (7, 315), (8, 270), (7, 225), (6, 270)]
Iteration #6 -------------------------
Current node: (5, 270)
Frontier: [(5, 315) 12.765, (4, 270) 12.765, (5, 225) 12.765, (8, 225) 14.417, (7, 180) 19.484, (9, 270) 14.417, (6, 315) 13.372, (6, 225) 19.484, ]
Explored States: [(7, 270), (7, 315), (8, 270), (7, 225), (6, 270), (5, 270)]
Iteration #7 -------------------------
Current node: (5, 315)
Frontier: [(4, 270) 12.765, (4, 315) 12.876, (5, 225) 12.765, (6, 315) 13.372, (7, 180) 19.484, (9, 270) 14.417, (5, 0) 12.876, (6, 225) 19.484, ]
Explored States: [(7, 270), (7, 315), (8, 270), (7, 225), (6, 270), (5, 270), (5, 315)]
Iteration #8 -------------------------
Current node: (4, 270)
Frontier: [(5, 225) 12.765, (4, 315) 12.876, (5, 0) 12.876, (3, 270) 12.925, (7, 180) 19.484, (9, 270) 14.417, (4, 225) 12.925, (6, 225) 19.484, ]
Explored States: [(7, 270), (7, 315), (8, 270), (7, 225), (6, 270), (5, 270), (5, 315), (4, 270)]
Iteration #9 -------------------------
Current node: (5, 225)
Frontier: [(4, 315) 12.876, (3, 270) 12.925, (5, 0) 12.876, (4, 225) 12.925, (7, 180) 19.484, (9, 270) 14.417, (5, 180) 17.916, (6, 225) 17.916, ]
Explored States: [(7, 270), (7, 315), (8, 270), (7, 225), (6, 270), (5, 270), (5, 315), (4, 270), (5, 225)]
Iteration #10 -------------------------
Current node: (4, 315)
Frontier: [(5, 0) 12.876, (3, 270) 12.925, (9, 270) 14.417, (4, 225) 12.925, (7, 180) 19.484, (6, 225) 17.916, (5, 180) 17.916, (4, 0) 13.593, (3, 315) 13.593, ]
Explored States: [(7, 270), (7, 315), (8, 270), (7, 225), (6, 270), (5, 270), (5, 315), (4, 270), (5, 225), (4, 315)]
Iteration #11 -------------------------
Current node: (5, 0)
Frontier: [(3, 270) 12.925, (4, 225) 12.925, (9, 270) 14.417, (3, 315) 13.593, (7, 180) 19.484, (6, 225) 17.916, (5, 180) 17.916, (4, 0) 13.593, (5, 45) 20.119, (6, 0) 20.119, ]
Explored States: [(7, 270), (7, 315), (8, 270), (7, 225), (6, 270), (5, 270), (5, 315), (4, 270), (5, 225), (4, 315), (5, 0)]
Iteration #12 -------------------------
Current node: (3, 270)
Frontier: [(4, 225) 12.925, (3, 315) 13.118, (9, 270) 14.417, (4, 0) 13.593, (3, 225) 13.118, (6, 225) 17.916, (5, 180) 17.916, (6, 0) 20.119, (5, 45) 20.119, (7, 180) 19.484, (2, 270) 13.118, ]
Explored States: [(7, 270), (7, 315), (8, 270), (7, 225), (6, 270), (5, 270), (5, 315), (4, 270), (5, 225), (4, 315), (5, 0), (3, 270)]
Iteration #13 -------------------------
Current node: (4, 225)
Frontier: [(2, 270) 13.118, (3, 315) 13.118, (9, 270) 14.417, (4, 0) 13.593, (3, 225) 13.118, (7, 180) 19.484, (5, 180) 17.916, (6, 0) 20.119, (5, 45) 20.119, (4, 180) 17.132, ]
Explored States: [(7, 270), (7, 315), (8, 270), (7, 225), (6, 270), (5, 270), (5, 315), (4, 270), (5, 225), (4, 315), (5, 0), (3, 270), (4, 225)]
Iteration #14 -------------------------
Current node: (2, 270)
Frontier: [(3, 315) 13.118, (3, 225) 13.118, (1, 270) 13.352, (4, 0) 13.593, (2, 315) 13.352, (9, 270) 14.417, (5, 180) 17.916, (6, 0) 20.119, (5, 45) 20.119, (4, 180) 17.132, (2, 225) 13.352, (7, 180) 19.484, ]
Explored States: [(7, 270), (7, 315), (8, 270), (7, 225), (6, 270), (5, 270), (5, 315), (4, 270), (5, 225), (4, 315), (5, 0), (3, 270), (4, 225), (2, 270)]
Iteration #15 -------------------------
Current node: (3, 315)
Frontier: [(3, 0) 12.881, (2, 315) 13.352, (1, 270) 13.352, (4, 0) 13.593, (2, 225) 13.352, (9, 270) 14.417, (5, 180) 17.916, (6, 0) 20.119, (5, 45) 20.119, (7, 180) 19.484, (4, 180) 17.132, ]
Explored States: [(7, 270), (7, 315), (8, 270), (7, 225), (6, 270), (5, 270), (5, 315), (4, 270), (5, 225), (4, 315), (5, 0), (3, 270), (4, 225), (2, 270), (3, 315)]
Iteration #16 -------------------------
Current node: (3, 0)
Frontier: [(2, 315) 13.352, (2, 225) 13.352, (1, 270) 13.352, (4, 0) 13.593, (4, 180) 17.132, (9, 270) 14.417, (7, 180) 19.484, (6, 0) 20.119, (5, 45) 20.119, (3, 45) 17.477, (2, 0) 17.477, ]
Explored States: [(7, 270), (7, 315), (8, 270), (7, 225), (6, 270), (5, 270), (5, 315), (4, 270), (5, 225), (4, 315), (5, 0), (3, 270), (4, 225), (2, 270), (3, 315), (3, 0)]
Iteration #17 -------------------------
Current node: (2, 315)
Frontier: [(1, 315) 13.106, (1, 270) 13.352, (9, 270) 14.417, (2, 0) 17.477, (4, 0) 13.593, (3, 45) 17.477, (7, 180) 19.484, (6, 0) 20.119, (5, 45) 20.119, (4, 180) 17.132, ]
Explored States: [(7, 270), (7, 315), (8, 270), (7, 225), (6, 270), (5, 270), (5, 315), (4, 270), (5, 225), (4, 315), (5, 0), (3, 270), (4, 225), (2, 270), (3, 315), (3, 0), (2, 315)]
Iteration #18 -------------------------
Current node: (1, 315)
Frontier: [(1, 270) 13.352, (4, 0) 13.593, (3, 45) 17.477, (1, 0) 14.268, (0, 315) 14.268, (5, 45) 20.119, (7, 180) 19.484, (6, 0) 20.119, (2, 0) 17.477, (4, 180) 17.132, ]
Explored States: [(7, 270), (7, 315), (8, 270), (7, 225), (6, 270), (5, 270), (5, 315), (4, 270), (5, 225), (4, 315), (5, 0), (3, 270), (4, 225), (2, 270), (3, 315), (3, 0), (2, 315), (1, 315)]
Iteration #19 -------------------------
Current node: (1, 270)
Frontier: [(4, 0) 13.593, (1, 225) 13.641, (3, 45) 17.477, (4, 180) 17.132, (0, 270) 13.641, (5, 45) 20.119, (7, 180) 19.484, (6, 0) 20.119, (2, 0) 17.477, (0, 315) 14.268, (1, 0) 14.268, ]
Explored States: [(7, 270), (7, 315), (8, 270), (7, 225), (6, 270), (5, 270), (5, 315), (4, 270), (5, 225), (4, 315), (5, 0), (3, 270), (4, 225), (2, 270), (3, 315), (3, 0), (2, 315), (1, 315), (1, 270)]
Iteration #20 -------------------------
Current node: (4, 0)
Frontier: [(1, 225) 13.641, (0, 270) 13.641, (3, 45) 17.477, (4, 180) 17.132, (1, 0) 14.268, (5, 45) 20.119, (7, 180) 19.484, (6, 0) 20.119, (2, 0) 17.477, (0, 315) 14.268, (4, 45) 19.56, ]
Explored States: [(7, 270), (7, 315), (8, 270), (7, 225), (6, 270), (5, 270), (5, 315), (4, 270), (5, 225), (4, 315), (5, 0), (3, 270), (4, 225), (2, 270), (3, 315), (3, 0), (2, 315), (1, 315), (1, 270), (4, 0)]
Iteration #21 -------------------------
Current node: (1, 225)
Frontier: [(0, 270) 13.641, (1, 0) 14.268, (0, 225) 14.782, (4, 180) 17.132, (0, 315) 14.268, (2, 225) 14.782, (7, 180) 19.484, (6, 0) 20.119, (2, 0) 17.477, (4, 45) 19.56, (1, 180) 14.782, (5, 45) 20.119, (3, 45) 17.477, ]
Explored States: [(7, 270), (7, 315), (8, 270), (7, 225), (6, 270), (5, 270), (5, 315), (4, 270), (5, 225), (4, 315), (5, 0), (3, 270), (4, 225), (2, 270), (3, 315), (3, 0), (2, 315), (1, 315), (1, 270), (4, 0), (1, 225)]
Iteration #22 -------------------------
Current node: (0, 270)
Frontier: [(1, 180) 14.782, (4, 180) 17.132, (0, 225) 14.782, (2, 0) 17.477, (3, 45) 17.477, (2, 225) 14.782, (7, 180) 19.484, (6, 0) 20.119, (5, 45) 20.119, (4, 45) 19.56, ]
Explored States: [(7, 270), (7, 315), (8, 270), (7, 225), (6, 270), (5, 270), (5, 315), (4, 270), (5, 225), (4, 315), (5, 0), (3, 270), (4, 225), (2, 270), (3, 315), (3, 0), (2, 315), (1, 315), (1, 270), (4, 0), (1, 225), (0, 270)]
Iteration #23 -------------------------
Current node: (1, 180)
Frontier: [(0, 225) 14.782, (1, 135) 15.072, (2, 225) 14.782, (2, 0) 17.477, (0, 180) 15.072, (2, 180) 15.072, (7, 180) 19.484, (6, 0) 20.119, (5, 45) 20.119, (3, 45) 17.477, (4, 180) 17.132, (4, 45) 19.56, ]
Explored States: [(7, 270), (7, 315), (8, 270), (7, 225), (6, 270), (5, 270), (5, 315), (4, 270), (5, 225), (4, 315), (5, 0), (3, 270), (4, 225), (2, 270), (3, 315), (3, 0), (2, 315), (1, 315), (1, 270), (4, 0), (1, 225), (0, 270), (1, 180)]
Iteration #24 -------------------------
Current node: (0, 225)
Frontier: [(2, 225) 14.782, (0, 180) 15.072, (2, 180) 15.072, (2, 0) 17.477, (4, 180) 17.132, (4, 45) 19.56, (7, 180) 19.484, (6, 0) 20.119, (5, 45) 20.119, (3, 45) 17.477, ]
Explored States: [(7, 270), (7, 315), (8, 270), (7, 225), (6, 270), (5, 270), (5, 315), (4, 270), (5, 225), (4, 315), (5, 0), (3, 270), (4, 225), (2, 270), (3, 315), (3, 0), (2, 315), (1, 315), (1, 270), (4, 0), (1, 225), (0, 270), (1, 180), (0, 225)]
Iteration #25 -------------------------
Current node: (2, 225)
Frontier: [(0, 180) 15.072, (3, 225) 16.779, (2, 180) 15.072, (2, 0) 17.477, (3, 45) 17.477, (4, 45) 19.56, (7, 180) 19.484, (6, 0) 20.119, (5, 45) 20.119, ]
Explored States: [(7, 270), (7, 315), (8, 270), (7, 225), (6, 270), (5, 270), (5, 315), (4, 270), (5, 225), (4, 315), (5, 0), (3, 270), (4, 225), (2, 270), (3, 315), (3, 0), (2, 315), (1, 315), (1, 270), (4, 0), (1, 225), (0, 270), (1, 180), (0, 225), (2, 225)]
Iteration #26 -------------------------
Current node: (0, 180)
Frontier: [(2, 180) 15.072, (0, 135) 15.571, (7, 180) 19.484, (3, 225) 16.779, (3, 45) 17.477, (4, 45) 19.56, (5, 45) 20.119, (6, 0) 20.119, (2, 0) 17.477, ]
Explored States: [(7, 270), (7, 315), (8, 270), (7, 225), (6, 270), (5, 270), (5, 315), (4, 270), (5, 225), (4, 315), (5, 0), (3, 270), (4, 225), (2, 270), (3, 315), (3, 0), (2, 315), (1, 315), (1, 270), (4, 0), (1, 225), (0, 270), (1, 180), (0, 225), (2, 225), (0, 180)]
Iteration #27 -------------------------
Current node: (2, 180)
Frontier: [(0, 135) 15.571, (2, 135) 16.667, (7, 180) 19.484, (3, 225) 16.779, (3, 180) 16.667, (4, 45) 19.56, (5, 45) 20.119, (6, 0) 20.119, (2, 0) 17.477, (3, 45) 17.477, ]
Explored States: [(7, 270), (7, 315), (8, 270), (7, 225), (6, 270), (5, 270), (5, 315), (4, 270), (5, 225), (4, 315), (5, 0), (3, 270), (4, 225), (2, 270), (3, 315), (3, 0), (2, 315), (1, 315), (1, 270), (4, 0), (1, 225), (0, 270), (1, 180), (0, 225), (2, 225), (0, 180), (2, 180)]
Iteration #28 -------------------------
Current node: (0, 135)
Frontier: [(0, 90) 15.571, (1, 135) 15.571, (7, 180) 19.484, (3, 225) 16.779, (2, 135) 16.667, (4, 45) 19.56, (5, 45) 20.119, (6, 0) 20.119, (2, 0) 17.477, (3, 45) 17.477, (3, 180) 16.667, ]
Explored States: [(7, 270), (7, 315), (8, 270), (7, 225), (6, 270), (5, 270), (5, 315), (4, 270), (5, 225), (4, 315), (5, 0), (3, 270), (4, 225), (2, 270), (3, 315), (3, 0), (2, 315), (1, 315), (1, 270), (4, 0), (1, 225), (0, 270), (1, 180), (0, 225), (2, 225), (0, 180), (2, 180), (0, 135)]
Iteration #29 -------------------------
Current node: (0, 90)
Frontier: [(1, 135) 15.571, (0, 45) 15.571, (1, 90) 15.571, (3, 225) 16.779, (3, 180) 16.667, (7, 180) 19.484, (5, 45) 20.119, (6, 0) 20.119, (2, 0) 17.477, (3, 45) 17.477, (2, 135) 16.667, (4, 45) 19.56, ]
Explored States: [(7, 270), (7, 315), (8, 270), (7, 225), (6, 270), (5, 270), (5, 315), (4, 270), (5, 225), (4, 315), (5, 0), (3, 270), (4, 225), (2, 270), (3, 315), (3, 0), (2, 315), (1, 315), (1, 270), (4, 0), (1, 225), (0, 270), (1, 180), (0, 225), (2, 225), (0, 180), (2, 180), (0, 135), (0, 90)]
Iteration #30 -------------------------
Current node: (1, 135)
Frontier: [(0, 45) 15.571, (2, 135) 16.101, (1, 90) 15.571, (2, 0) 17.477, (3, 225) 16.779, (7, 180) 19.484, (5, 45) 20.119, (6, 0) 20.119, (4, 45) 19.56, (3, 45) 17.477, ]
Explored States: [(7, 270), (7, 315), (8, 270), (7, 225), (6, 270), (5, 270), (5, 315), (4, 270), (5, 225), (4, 315), (5, 0), (3, 270), (4, 225), (2, 270), (3, 315), (3, 0), (2, 315), (1, 315), (1, 270), (4, 0), (1, 225), (0, 270), (1, 180), (0, 225), (2, 225), (0, 180), (2, 180), (0, 135), (0, 90), (1, 135)]
Iteration #31 -------------------------
Current node: (0, 45)
Frontier: [(1, 90) 15.571, (1, 45) 15.571, (3, 45) 17.477, (2, 0) 17.477, (2, 135) 16.101, (7, 180) 19.484, (5, 45) 20.119, (6, 0) 20.119, (4, 45) 19.56, (3, 225) 16.779, ]
Explored States: [(7, 270), (7, 315), (8, 270), (7, 225), (6, 270), (5, 270), (5, 315), (4, 270), (5, 225), (4, 315), (5, 0), (3, 270), (4, 225), (2, 270), (3, 315), (3, 0), (2, 315), (1, 315), (1, 270), (4, 0), (1, 225), (0, 270), (1, 180), (0, 225), (2, 225), (0, 180), (2, 180), (0, 135), (0, 90), (1, 135), (0, 45)]
Iteration #32 -------------------------
Current node: (1, 90)
Frontier: [(1, 45) 15.571, (2, 90) 15.571, (3, 45) 17.477, (3, 225) 16.779, (4, 45) 19.56, (7, 180) 19.484, (5, 45) 20.119, (6, 0) 20.119, (2, 0) 17.477, ]
Explored States: [(7, 270), (7, 315), (8, 270), (7, 225), (6, 270), (5, 270), (5, 315), (4, 270), (5, 225), (4, 315), (5, 0), (3, 270), (4, 225), (2, 270), (3, 315), (3, 0), (2, 315), (1, 315), (1, 270), (4, 0), (1, 225), (0, 270), (1, 180), (0, 225), (2, 225), (0, 180), (2, 180), (0, 135), (0, 90), (1, 135), (0, 45), (1, 90)]
Iteration #33 -------------------------
Current node: (1, 45)
Frontier: [(2, 90) 15.571, (1, 0) 16.101, (3, 45) 17.477, (3, 225) 16.779, (2, 45) 16.101, (7, 180) 19.484, (5, 45) 20.119, (6, 0) 20.119, (2, 0) 17.477, (4, 45) 19.56, ]
Explored States: [(7, 270), (7, 315), (8, 270), (7, 225), (6, 270), (5, 270), (5, 315), (4, 270), (5, 225), (4, 315), (5, 0), (3, 270), (4, 225), (2, 270), (3, 315), (3, 0), (2, 315), (1, 315), (1, 270), (4, 0), (1, 225), (0, 270), (1, 180), (0, 225), (2, 225), (0, 180), (2, 180), (0, 135), (0, 90), (1, 135), (0, 45), (1, 90), (1, 45)]
Iteration #34 -------------------------
Current node: (2, 90)
Frontier: [(2, 135) 15.571, (3, 90) 15.571, (3, 45) 17.477, (3, 225) 16.779, (2, 45) 16.101, (7, 180) 19.484, (5, 45) 20.119, (6, 0) 20.119, (2, 0) 17.477, (4, 45) 19.56, ]
Explored States: [(7, 270), (7, 315), (8, 270), (7, 225), (6, 270), (5, 270), (5, 315), (4, 270), (5, 225), (4, 315), (5, 0), (3, 270), (4, 225), (2, 270), (3, 315), (3, 0), (2, 315), (1, 315), (1, 270), (4, 0), (1, 225), (0, 270), (1, 180), (0, 225), (2, 225), (0, 180), (2, 180), (0, 135), (0, 90), (1, 135), (0, 45), (1, 90), (1, 45), (2, 90)]
Iteration #35 -------------------------
Current node: (2, 135)
Frontier: [(3, 90) 15.571, (2, 45) 16.101, (3, 45) 17.477, (3, 225) 16.779, (3, 135) 18.33, (7, 180) 19.484, (5, 45) 20.119, (6, 0) 20.119, (2, 0) 17.477, (4, 45) 19.56, ]
Explored States: [(7, 270), (7, 315), (8, 270), (7, 225), (6, 270), (5, 270), (5, 315), (4, 270), (5, 225), (4, 315), (5, 0), (3, 270), (4, 225), (2, 270), (3, 315), (3, 0), (2, 315), (1, 315), (1, 270), (4, 0), (1, 225), (0, 270), (1, 180), (0, 225), (2, 225), (0, 180), (2, 180), (0, 135), (0, 90), (1, 135), (0, 45), (1, 90), (1, 45), (2, 90), (2, 135)]
Iteration #36 -------------------------
Current node: (3, 90)
Frontier: [(4, 90) 15.571, (2, 0) 17.477, (3, 45) 17.477, (3, 135) 18.33, (6, 0) 20.119, (7, 180) 19.484, (5, 45) 20.119, (4, 45) 19.56, ]
Explored States: [(7, 270), (7, 315), (8, 270), (7, 225), (6, 270), (5, 270), (5, 315), (4, 270), (5, 225), (4, 315), (5, 0), (3, 270), (4, 225), (2, 270), (3, 315), (3, 0), (2, 315), (1, 315), (1, 270), (4, 0), (1, 225), (0, 270), (1, 180), (0, 225), (2, 225), (0, 180), (2, 180), (0, 135), (0, 90), (1, 135), (0, 45), (1, 90), (1, 45), (2, 90), (2, 135), (3, 90)]
Iteration #37 -------------------------
Current node: (4, 90)
Frontier: [(4, 135) 15.571, (5, 90) 15.571, (3, 45) 17.477, (3, 135) 18.33, (6, 0) 20.119, (5, 45) 20.119, (7, 180) 19.484, (4, 45) 19.56, ]
Explored States: [(7, 270), (7, 315), (8, 270), (7, 225), (6, 270), (5, 270), (5, 315), (4, 270), (5, 225), (4, 315), (5, 0), (3, 270), (4, 225), (2, 270), (3, 315), (3, 0), (2, 315), (1, 315), (1, 270), (4, 0), (1, 225), (0, 270), (1, 180), (0, 225), (2, 225), (0, 180), (2, 180), (0, 135), (0, 90), (1, 135), (0, 45), (1, 90), (1, 45), (2, 90), (2, 135), (3, 90), (4, 90)]
Iteration #38 -------------------------
Current node: (4, 135)
Frontier: [(5, 90) 15.571, (3, 135) 18.33, (3, 45) 17.477, (4, 45) 19.56, (6, 0) 20.119, (5, 45) 20.119, (7, 180) 19.484, (4, 180) 21.677, (5, 135) 21.677, ]
Explored States: [(7, 270), (7, 315), (8, 270), (7, 225), (6, 270), (5, 270), (5, 315), (4, 270), (5, 225), (4, 315), (5, 0), (3, 270), (4, 225), (2, 270), (3, 315), (3, 0), (2, 315), (1, 315), (1, 270), (4, 0), (1, 225), (0, 270), (1, 180), (0, 225), (2, 225), (0, 180), (2, 180), (0, 135), (0, 90), (1, 135), (0, 45), (1, 90), (1, 45), (2, 90), (2, 135), (3, 90), (4, 90), (4, 135)]
Iteration #39 -------------------------
Current node: (5, 90)
Frontier: [(6, 90) 15.571, (4, 45) 19.56, (7, 180) 19.484, (4, 180) 21.677, (6, 0) 20.119, (5, 135) 21.677, (5, 45) 20.119, ]
Explored States: [(7, 270), (7, 315), (8, 270), (7, 225), (6, 270), (5, 270), (5, 315), (4, 270), (5, 225), (4, 315), (5, 0), (3, 270), (4, 225), (2, 270), (3, 315), (3, 0), (2, 315), (1, 315), (1, 270), (4, 0), (1, 225), (0, 270), (1, 180), (0, 225), (2, 225), (0, 180), (2, 180), (0, 135), (0, 90), (1, 135), (0, 45), (1, 90), (1, 45), (2, 90), (2, 135), (3, 90), (4, 90), (4, 135), (5, 90)]
Iteration #40 -------------------------
Current node: (6, 90)
Frontier: [(6, 135) 15.571, (6, 45) 15.571, (7, 180) 19.484, (7, 90) 15.571, (6, 0) 20.119, (5, 135) 21.677, (5, 45) 20.119, (4, 180) 21.677, (4, 45) 19.56, ]
Explored States: [(7, 270), (7, 315), (8, 270), (7, 225), (6, 270), (5, 270), (5, 315), (4, 270), (5, 225), (4, 315), (5, 0), (3, 270), (4, 225), (2, 270), (3, 315), (3, 0), (2, 315), (1, 315), (1, 270), (4, 0), (1, 225), (0, 270), (1, 180), (0, 225), (2, 225), (0, 180), (2, 180), (0, 135), (0, 90), (1, 135), (0, 45), (1, 90), (1, 45), (2, 90), (2, 135), (3, 90), (4, 90), (4, 135), (5, 90), (6, 90)]
Iteration #41 -------------------------
Current node: (6, 135)
Frontier: [(6, 45) 15.571, (7, 90) 15.571, (7, 180) 19.484, (4, 45) 19.56, (6, 0) 20.119, (5, 135) 21.677, (5, 45) 20.119, (4, 180) 21.677, (6, 180) 25.676, (7, 135) 25.676, ]
Explored States: [(7, 270), (7, 315), (8, 270), (7, 225), (6, 270), (5, 270), (5, 315), (4, 270), (5, 225), (4, 315), (5, 0), (3, 270), (4, 225), (2, 270), (3, 315), (3, 0), (2, 315), (1, 315), (1, 270), (4, 0), (1, 225), (0, 270), (1, 180), (0, 225), (2, 225), (0, 180), (2, 180), (0, 135), (0, 90), (1, 135), (0, 45), (1, 90), (1, 45), (2, 90), (2, 135), (3, 90), (4, 90), (4, 135), (5, 90), (6, 90), (6, 135)]
Iteration #42 -------------------------
Current node: (6, 45)
Frontier: [(7, 90) 15.571, (4, 45) 19.56, (7, 180) 19.484, (4, 180) 21.677, (6, 0) 20.119, (5, 135) 21.677, (5, 45) 20.119, (7, 135) 25.676, (6, 180) 25.676, (7, 45) 25.676, ]
Explored States: [(7, 270), (7, 315), (8, 270), (7, 225), (6, 270), (5, 270), (5, 315), (4, 270), (5, 225), (4, 315), (5, 0), (3, 270), (4, 225), (2, 270), (3, 315), (3, 0), (2, 315), (1, 315), (1, 270), (4, 0), (1, 225), (0, 270), (1, 180), (0, 225), (2, 225), (0, 180), (2, 180), (0, 135), (0, 90), (1, 135), (0, 45), (1, 90), (1, 45), (2, 90), (2, 135), (3, 90), (4, 90), (4, 135), (5, 90), (6, 90), (6, 135), (6, 45)]
Iteration #43 -------------------------
Current node: (7, 90)
Frontier: [(7, 180) 19.484, (4, 45) 19.56, (5, 45) 20.119, (4, 180) 21.677, (6, 0) 20.119, (5, 135) 21.677, (7, 45) 25.676, (7, 135) 25.676, (6, 180) 25.676, ]
Explored States: [(7, 270), (7, 315), (8, 270), (7, 225), (6, 270), (5, 270), (5, 315), (4, 270), (5, 225), (4, 315), (5, 0), (3, 270), (4, 225), (2, 270), (3, 315), (3, 0), (2, 315), (1, 315), (1, 270), (4, 0), (1, 225), (0, 270), (1, 180), (0, 225), (2, 225), (0, 180), (2, 180), (0, 135), (0, 90), (1, 135), (0, 45), (1, 90), (1, 45), (2, 90), (2, 135), (3, 90), (4, 90), (4, 135), (5, 90), (6, 90), (6, 135), (6, 45), (7, 90)]

Path found using AStar in 17.119 ms!
Flight instructions (18) : [H360, H360, H360, H360, H360, H360, H270, H270, H360, H270, H270, H180, H180, H180, H180, H180, H180, H180]
Path followed (19 states): [(7, 270), (6, 270), (5, 270), (4, 270), (3, 270), (2, 270), (1, 270), (1, 225), (1, 180), (0, 180), (0, 135), (0, 90), (1, 90), (2, 90), (3, 90), (4, 90), (5, 90), (6, 90), (7, 90)]
Solution path cost: 15.571

Current node depth: 18
Nodes created: 162
43 states expanded: [(7, 270), (7, 315), (8, 270), (7, 225), (6, 270), (5, 270), (5, 315), (4, 270), (5, 225), (4, 315), (5, 0), (3, 270), (4, 225), (2, 270), (3, 315), (3, 0), (2, 315), (1, 315), (1, 270), (4, 0), (1, 225), (0, 270), (1, 180), (0, 225), (2, 225), (0, 180), (2, 180), (0, 135), (0, 90), (1, 135), (0, 45), (1, 90), (1, 45), (2, 90), (2, 135), (3, 90), (4, 90), (4, 135), (5, 90), (6, 90), (6, 135), (6, 45), (7, 90)]
