Search type: AStar
Size of world N: 10
Start point: (2, 45)
End point: (9, 225)
Obstacles located at: []

Starting A* Search...
Iteration #1 -------------------------
Current node: (2, 45)
Frontier: [(2, 90) 10.322, (2, 0) 10.322, (1, 45) 10.322, (3, 45) 10.322, ]
Explored States: [(2, 45)]
Iteration #2 -------------------------
Current node: (2, 90)
Frontier: [(3, 45) 10.322, (2, 0) 10.322, (1, 45) 10.322, (2, 135) 12.564, (1, 90) 12.564, (3, 90) 12.564, ]
Explored States: [(2, 45), (2, 90)]
Iteration #3 -------------------------
Current node: (3, 45)
Frontier: [(2, 0) 10.322, (3, 90) 12.06, (1, 45) 10.322, (2, 135) 12.564, (1, 90) 12.564, (3, 0) 12.06, (4, 45) 12.06, ]
Explored States: [(2, 45), (2, 90), (3, 45)]
Iteration #4 -------------------------
Current node: (2, 0)
Frontier: [(2, 315) 10.043, (3, 90) 12.06, (1, 0) 10.043, (2, 135) 12.564, (1, 90) 12.564, (4, 45) 12.06, (3, 0) 12.06, ]
Explored States: [(2, 45), (2, 90), (3, 45), (2, 0)]
Iteration #5 -------------------------
Current node: (2, 315)
Frontier: [(1, 0) 10.043, (3, 90) 12.06, (3, 0) 12.06, (2, 135) 12.564, (1, 90) 12.564, (4, 45) 12.06, (2, 270) 13.198, (1, 315) 13.198, (3, 315) 13.198, ]
Explored States: [(2, 45), (2, 90), (3, 45), (2, 0), (2, 315)]
Iteration #6 -------------------------
Current node: (1, 0)
Frontier: [(1, 45) 11.253, (3, 0) 12.06, (4, 45) 12.06, (2, 135) 12.564, (1, 90) 12.564, (1, 315) 13.198, (2, 270) 13.198, (3, 315) 13.198, ]
Explored States: [(2, 45), (2, 90), (3, 45), (2, 0), (2, 315), (1, 0)]
Iteration #7 -------------------------
Current node: (1, 45)
Frontier: [(3, 0) 12.06, (2, 135) 12.564, (4, 45) 12.06, (2, 270) 13.198, (1, 90) 12.564, (1, 315) 13.198, (0, 45) 12.988, ]
Explored States: [(2, 45), (2, 90), (3, 45), (2, 0), (2, 315), (1, 0), (1, 45)]
Iteration #8 -------------------------
Current node: (3, 0)
Frontier: [(3, 315) 11.733, (4, 0) 11.733, (4, 45) 12.06, (2, 135) 12.564, (1, 90) 12.564, (1, 315) 13.198, (0, 45) 12.988, (2, 270) 13.198, ]
Explored States: [(2, 45), (2, 90), (3, 45), (2, 0), (2, 315), (1, 0), (1, 45), (3, 0)]
Iteration #9 -------------------------
Current node: (3, 315)
Frontier: [(4, 0) 11.733, (2, 135) 12.564, (4, 45) 12.06, (2, 270) 13.198, (1, 90) 12.564, (1, 315) 13.198, (0, 45) 12.988, (3, 270) 16.399, (4, 315) 16.399, ]
Explored States: [(2, 45), (2, 90), (3, 45), (2, 0), (2, 315), (1, 0), (1, 45), (3, 0), (3, 315)]
Iteration #10 -------------------------
Current node: (4, 0)
Frontier: [(4, 45) 12.06, (2, 135) 12.564, (5, 0) 12.756, (2, 270) 13.198, (1, 90) 12.564, (3, 270) 16.399, (4, 315) 16.399, ]
Explored States: [(2, 45), (2, 90), (3, 45), (2, 0), (2, 315), (1, 0), (1, 45), (3, 0), (3, 315), (4, 0)]
Iteration #11 -------------------------
Current node: (4, 45)
Frontier: [(2, 135) 12.564, (1, 90) 12.564, (5, 0) 12.756, (2, 270) 13.198, (4, 315) 16.399, (3, 270) 16.399, (4, 90) 13.836, (5, 45) 13.836, ]
Explored States: [(2, 45), (2, 90), (3, 45), (2, 0), (2, 315), (1, 0), (1, 45), (3, 0), (3, 315), (4, 0), (4, 45)]
Iteration #12 -------------------------
Current node: (2, 135)
Frontier: [(1, 90) 12.564, (2, 270) 13.198, (5, 0) 12.756, (2, 180) 13.198, (3, 135) 13.198, (3, 270) 16.399, (4, 90) 13.836, (5, 45) 13.836, (1, 135) 13.198, (4, 315) 16.399, ]
Explored States: [(2, 45), (2, 90), (3, 45), (2, 0), (2, 315), (1, 0), (1, 45), (3, 0), (3, 315), (4, 0), (4, 45), (2, 135)]
Iteration #13 -------------------------
Current node: (1, 90)
Frontier: [(0, 90) 12.567, (1, 135) 13.198, (4, 90) 13.836, (2, 270) 13.198, (3, 135) 13.198, (3, 270) 16.399, (4, 315) 16.399, (5, 45) 13.836, (2, 180) 13.198, ]
Explored States: [(2, 45), (2, 90), (3, 45), (2, 0), (2, 315), (1, 0), (1, 45), (3, 0), (3, 315), (4, 0), (4, 45), (2, 135), (1, 90)]
Iteration #14 -------------------------
Current node: (0, 90)
Frontier: [(0, 135) 12.571, (0, 45) 12.571, (4, 90) 13.836, (1, 135) 13.198, (2, 180) 13.198, (3, 270) 16.399, (4, 315) 16.399, (5, 45) 13.836, (2, 270) 13.198, (3, 135) 13.198, ]
Explored States: [(2, 45), (2, 90), (3, 45), (2, 0), (2, 315), (1, 0), (1, 45), (3, 0), (3, 315), (4, 0), (4, 45), (2, 135), (1, 90), (0, 90)]
Iteration #15 -------------------------
Current node: (0, 135)
Frontier: [(0, 45) 12.571, (0, 180) 12.571, (4, 90) 13.836, (2, 270) 13.198, (2, 180) 13.198, (3, 270) 16.399, (4, 315) 16.399, (5, 45) 13.836, (1, 135) 13.198, ]
Explored States: [(2, 45), (2, 90), (3, 45), (2, 0), (2, 315), (1, 0), (1, 45), (3, 0), (3, 315), (4, 0), (4, 45), (2, 135), (1, 90), (0, 90), (0, 135)]
Iteration #16 -------------------------
Current node: (0, 45)
Frontier: [(0, 180) 12.571, (1, 135) 13.198, (4, 90) 13.836, (2, 270) 13.198, (2, 180) 13.198, (3, 270) 16.399, (4, 315) 16.399, (5, 45) 13.836, ]
Explored States: [(2, 45), (2, 90), (3, 45), (2, 0), (2, 315), (1, 0), (1, 45), (3, 0), (3, 315), (4, 0), (4, 45), (2, 135), (1, 90), (0, 90), (0, 135), (0, 45)]
Iteration #17 -------------------------
Current node: (0, 180)
Frontier: [(0, 225) 12.571, (1, 180) 12.571, (4, 90) 13.836, (1, 135) 13.198, (2, 180) 13.198, (3, 270) 16.399, (4, 315) 16.399, (5, 45) 13.836, (2, 270) 13.198, ]
Explored States: [(2, 45), (2, 90), (3, 45), (2, 0), (2, 315), (1, 0), (1, 45), (3, 0), (3, 315), (4, 0), (4, 45), (2, 135), (1, 90), (0, 90), (0, 135), (0, 45), (0, 180)]
Iteration #18 -------------------------
Current node: (0, 225)
Frontier: [(1, 180) 12.571, (0, 270) 12.571, (4, 90) 13.836, (2, 270) 13.198, (1, 225) 12.571, (3, 270) 16.399, (4, 315) 16.399, (5, 45) 13.836, (1, 135) 13.198, (2, 180) 13.198, ]
Explored States: [(2, 45), (2, 90), (3, 45), (2, 0), (2, 315), (1, 0), (1, 45), (3, 0), (3, 315), (4, 0), (4, 45), (2, 135), (1, 90), (0, 90), (0, 135), (0, 45), (0, 180), (0, 225)]
Iteration #19 -------------------------
Current node: (1, 180)
Frontier: [(0, 270) 12.571, (1, 225) 12.571, (1, 135) 13.088, (2, 270) 13.198, (2, 180) 13.198, (3, 270) 16.399, (4, 315) 16.399, ]
Explored States: [(2, 45), (2, 90), (3, 45), (2, 0), (2, 315), (1, 0), (1, 45), (3, 0), (3, 315), (4, 0), (4, 45), (2, 135), (1, 90), (0, 90), (0, 135), (0, 45), (0, 180), (0, 225), (1, 180)]
Iteration #20 -------------------------
Current node: (0, 270)
Frontier: [(1, 225) 12.571, (1, 270) 12.571, (0, 315) 12.571, (2, 270) 13.198, (2, 180) 13.198, (3, 270) 16.399, (1, 135) 13.088, (4, 315) 16.399, ]
Explored States: [(2, 45), (2, 90), (3, 45), (2, 0), (2, 315), (1, 0), (1, 45), (3, 0), (3, 315), (4, 0), (4, 45), (2, 135), (1, 90), (0, 90), (0, 135), (0, 45), (0, 180), (0, 225), (1, 180), (0, 270)]
Iteration #21 -------------------------
Current node: (1, 225)
Frontier: [(1, 270) 12.571, (1, 135) 13.088, (0, 315) 12.571, (4, 315) 16.399, (2, 180) 13.198, (3, 270) 16.399, (2, 225) 12.571, ]
Explored States: [(2, 45), (2, 90), (3, 45), (2, 0), (2, 315), (1, 0), (1, 45), (3, 0), (3, 315), (4, 0), (4, 45), (2, 135), (1, 90), (0, 90), (0, 135), (0, 45), (0, 180), (0, 225), (1, 180), (0, 270), (1, 225)]
Iteration #22 -------------------------
Current node: (1, 270)
Frontier: [(2, 225) 12.571, (1, 135) 13.088, (0, 315) 12.571, (2, 270) 13.088, (2, 180) 13.198, (3, 270) 16.399, (1, 315) 13.088, (4, 315) 16.399, ]
Explored States: [(2, 45), (2, 90), (3, 45), (2, 0), (2, 315), (1, 0), (1, 45), (3, 0), (3, 315), (4, 0), (4, 45), (2, 135), (1, 90), (0, 90), (0, 135), (0, 45), (0, 180), (0, 225), (1, 180), (0, 270), (1, 225), (1, 270)]
Iteration #23 -------------------------
Current node: (2, 225)
Frontier: [(0, 315) 12.571, (2, 180) 13.198, (3, 225) 12.571, (4, 315) 16.399, (3, 270) 16.399, (1, 315) 13.088, ]
Explored States: [(2, 45), (2, 90), (3, 45), (2, 0), (2, 315), (1, 0), (1, 45), (3, 0), (3, 315), (4, 0), (4, 45), (2, 135), (1, 90), (0, 90), (0, 135), (0, 45), (0, 180), (0, 225), (1, 180), (0, 270), (1, 225), (1, 270), (2, 225)]
Iteration #24 -------------------------
Current node: (0, 315)
Frontier: [(3, 225) 12.571, (3, 270) 16.399, (1, 315) 13.088, (4, 315) 16.399, ]
Explored States: [(2, 45), (2, 90), (3, 45), (2, 0), (2, 315), (1, 0), (1, 45), (3, 0), (3, 315), (4, 0), (4, 45), (2, 135), (1, 90), (0, 90), (0, 135), (0, 45), (0, 180), (0, 225), (1, 180), (0, 270), (1, 225), (1, 270), (2, 225), (0, 315)]
Iteration #25 -------------------------
Current node: (3, 225)
Frontier: [(3, 180) 12.571, (4, 225) 12.571, (4, 315) 16.399, (3, 270) 16.399, ]
Explored States: [(2, 45), (2, 90), (3, 45), (2, 0), (2, 315), (1, 0), (1, 45), (3, 0), (3, 315), (4, 0), (4, 45), (2, 135), (1, 90), (0, 90), (0, 135), (0, 45), (0, 180), (0, 225), (1, 180), (0, 270), (1, 225), (1, 270), (2, 225), (0, 315), (3, 225)]
Iteration #26 -------------------------
Current node: (3, 180)
Frontier: [(4, 225) 12.571, (3, 270) 16.399, (4, 315) 16.399, (3, 135) 16.778, (2, 180) 16.778, (4, 180) 16.778, ]
Explored States: [(2, 45), (2, 90), (3, 45), (2, 0), (2, 315), (1, 0), (1, 45), (3, 0), (3, 315), (4, 0), (4, 45), (2, 135), (1, 90), (0, 90), (0, 135), (0, 45), (0, 180), (0, 225), (1, 180), (0, 270), (1, 225), (1, 270), (2, 225), (0, 315), (3, 225), (3, 180)]
Iteration #27 -------------------------
Current node: (4, 225)
Frontier: [(4, 270) 12.571, (4, 315) 16.399, (5, 225) 12.571, (3, 135) 16.778, (4, 180) 16.778, (2, 180) 16.778, ]
Explored States: [(2, 45), (2, 90), (3, 45), (2, 0), (2, 315), (1, 0), (1, 45), (3, 0), (3, 315), (4, 0), (4, 45), (2, 135), (1, 90), (0, 90), (0, 135), (0, 45), (0, 180), (0, 225), (1, 180), (0, 270), (1, 225), (1, 270), (2, 225), (0, 315), (3, 225), (3, 180), (4, 225)]
Iteration #28 -------------------------
Current node: (4, 270)
Frontier: [(5, 225) 12.571, (4, 315) 16.399, (2, 180) 16.778, (3, 135) 16.778, (4, 180) 16.778, (3, 270) 18.405, (5, 270) 18.405, ]
Explored States: [(2, 45), (2, 90), (3, 45), (2, 0), (2, 315), (1, 0), (1, 45), (3, 0), (3, 315), (4, 0), (4, 45), (2, 135), (1, 90), (0, 90), (0, 135), (0, 45), (0, 180), (0, 225), (1, 180), (0, 270), (1, 225), (1, 270), (2, 225), (0, 315), (3, 225), (3, 180), (4, 225), (4, 270)]
Iteration #29 -------------------------
Current node: (5, 225)
Frontier: [(5, 180) 12.571, (4, 180) 16.778, (6, 225) 12.571, (5, 270) 18.405, (3, 270) 18.405, (2, 180) 16.778, (3, 135) 16.778, ]
Explored States: [(2, 45), (2, 90), (3, 45), (2, 0), (2, 315), (1, 0), (1, 45), (3, 0), (3, 315), (4, 0), (4, 45), (2, 135), (1, 90), (0, 90), (0, 135), (0, 45), (0, 180), (0, 225), (1, 180), (0, 270), (1, 225), (1, 270), (2, 225), (0, 315), (3, 225), (3, 180), (4, 225), (4, 270), (5, 225)]
Iteration #30 -------------------------
Current node: (5, 180)
Frontier: [(6, 225) 12.571, (4, 180) 16.778, (3, 135) 16.778, (5, 270) 18.405, (3, 270) 18.405, (2, 180) 16.778, (5, 135) 20.161, (6, 180) 20.161, ]
Explored States: [(2, 45), (2, 90), (3, 45), (2, 0), (2, 315), (1, 0), (1, 45), (3, 0), (3, 315), (4, 0), (4, 45), (2, 135), (1, 90), (0, 90), (0, 135), (0, 45), (0, 180), (0, 225), (1, 180), (0, 270), (1, 225), (1, 270), (2, 225), (0, 315), (3, 225), (3, 180), (4, 225), (4, 270), (5, 225), (5, 180)]
Iteration #31 -------------------------
Current node: (6, 225)
Frontier: [(6, 270) 12.571, (7, 225) 12.571, (3, 135) 16.778, (5, 270) 18.405, (3, 270) 18.405, (5, 135) 20.161, (2, 180) 16.778, (6, 180) 20.161, ]
Explored States: [(2, 45), (2, 90), (3, 45), (2, 0), (2, 315), (1, 0), (1, 45), (3, 0), (3, 315), (4, 0), (4, 45), (2, 135), (1, 90), (0, 90), (0, 135), (0, 45), (0, 180), (0, 225), (1, 180), (0, 270), (1, 225), (1, 270), (2, 225), (0, 315), (3, 225), (3, 180), (4, 225), (4, 270), (5, 225), (5, 180), (6, 225)]
Iteration #32 -------------------------
Current node: (6, 270)
Frontier: [(7, 225) 12.571, (5, 270) 18.405, (3, 135) 16.778, (6, 180) 20.161, (3, 270) 18.405, (5, 135) 20.161, (2, 180) 16.778, (6, 315) 22.046, (7, 270) 22.046, ]
Explored States: [(2, 45), (2, 90), (3, 45), (2, 0), (2, 315), (1, 0), (1, 45), (3, 0), (3, 315), (4, 0), (4, 45), (2, 135), (1, 90), (0, 90), (0, 135), (0, 45), (0, 180), (0, 225), (1, 180), (0, 270), (1, 225), (1, 270), (2, 225), (0, 315), (3, 225), (3, 180), (4, 225), (4, 270), (5, 225), (5, 180), (6, 225), (6, 270)]
Iteration #33 -------------------------
Current node: (7, 225)
Frontier: [(7, 180) 12.571, (8, 225) 12.571, (5, 135) 20.161, (2, 180) 16.778, (3, 270) 18.405, (6, 315) 22.046, (7, 270) 22.046, (6, 180) 20.161, (5, 270) 18.405, ]
Explored States: [(2, 45), (2, 90), (3, 45), (2, 0), (2, 315), (1, 0), (1, 45), (3, 0), (3, 315), (4, 0), (4, 45), (2, 135), (1, 90), (0, 90), (0, 135), (0, 45), (0, 180), (0, 225), (1, 180), (0, 270), (1, 225), (1, 270), (2, 225), (0, 315), (3, 225), (3, 180), (4, 225), (4, 270), (5, 225), (5, 180), (6, 225), (6, 270), (7, 225)]
Iteration #34 -------------------------
Current node: (7, 180)
Frontier: [(8, 225) 12.571, (2, 180) 16.778, (5, 135) 20.161, (5, 270) 18.405, (3, 270) 18.405, (6, 315) 22.046, (7, 270) 22.046, (6, 180) 20.161, (7, 135) 24.057, (8, 180) 24.057, ]
Explored States: [(2, 45), (2, 90), (3, 45), (2, 0), (2, 315), (1, 0), (1, 45), (3, 0), (3, 315), (4, 0), (4, 45), (2, 135), (1, 90), (0, 90), (0, 135), (0, 45), (0, 180), (0, 225), (1, 180), (0, 270), (1, 225), (1, 270), (2, 225), (0, 315), (3, 225), (3, 180), (4, 225), (4, 270), (5, 225), (5, 180), (6, 225), (6, 270), (7, 225), (7, 180)]
Iteration #35 -------------------------
Current node: (8, 225)
Frontier: [(8, 270) 12.571, (9, 225) 12.571, (5, 135) 20.161, (3, 270) 18.405, (5, 270) 18.405, (6, 315) 22.046, (7, 270) 22.046, (8, 180) 24.057, (6, 180) 20.161, (7, 135) 24.057, ]
Explored States: [(2, 45), (2, 90), (3, 45), (2, 0), (2, 315), (1, 0), (1, 45), (3, 0), (3, 315), (4, 0), (4, 45), (2, 135), (1, 90), (0, 90), (0, 135), (0, 45), (0, 180), (0, 225), (1, 180), (0, 270), (1, 225), (1, 270), (2, 225), (0, 315), (3, 225), (3, 180), (4, 225), (4, 270), (5, 225), (5, 180), (6, 225), (6, 270), (7, 225), (7, 180), (8, 225)]
Iteration #36 -------------------------
Current node: (8, 270)
Frontier: [(9, 225) 12.571, (3, 270) 18.405, (5, 135) 20.161, (6, 180) 20.161, (5, 270) 18.405, (6, 315) 22.046, (7, 270) 22.046, (8, 180) 24.057, (7, 135) 24.057, (8, 315) 26.182, (9, 270) 26.182, ]
Explored States: [(2, 45), (2, 90), (3, 45), (2, 0), (2, 315), (1, 0), (1, 45), (3, 0), (3, 315), (4, 0), (4, 45), (2, 135), (1, 90), (0, 90), (0, 135), (0, 45), (0, 180), (0, 225), (1, 180), (0, 270), (1, 225), (1, 270), (2, 225), (0, 315), (3, 225), (3, 180), (4, 225), (4, 270), (5, 225), (5, 180), (6, 225), (6, 270), (7, 225), (7, 180), (8, 225), (8, 270)]
Iteration #37 -------------------------
Current node: (9, 225)
Frontier: [(3, 270) 18.405, (5, 270) 18.405, (5, 135) 20.161, (6, 180) 20.161, (9, 270) 26.182, (6, 315) 22.046, (7, 270) 22.046, (8, 180) 24.057, (7, 135) 24.057, (8, 315) 26.182, ]
Explored States: [(2, 45), (2, 90), (3, 45), (2, 0), (2, 315), (1, 0), (1, 45), (3, 0), (3, 315), (4, 0), (4, 45), (2, 135), (1, 90), (0, 90), (0, 135), (0, 45), (0, 180), (0, 225), (1, 180), (0, 270), (1, 225), (1, 270), (2, 225), (0, 315), (3, 225), (3, 180), (4, 225), (4, 270), (5, 225), (5, 180), (6, 225), (6, 270), (7, 225), (7, 180), (8, 225), (8, 270), (9, 225)]

Path found using AStar in 14.164 ms!
Flight instructions (15) : [H90, H360, H360, H90, H90, H90, H180, H180, H180, H180, H180, H180, H180, H180, H180]
Path followed (16 states): [(2, 45), (2, 90), (1, 90), (0, 90), (0, 135), (0, 180), (0, 225), (1, 225), (2, 225), (3, 225), (4, 225), (5, 225), (6, 225), (7, 225), (8, 225), (9, 225)]
Solution path cost: 12.571

Current node depth: 15
Nodes created: 135
37 states expanded: [(2, 45), (2, 90), (3, 45), (2, 0), (2, 315), (1, 0), (1, 45), (3, 0), (3, 315), (4, 0), (4, 45), (2, 135), (1, 90), (0, 90), (0, 135), (0, 45), (0, 180), (0, 225), (1, 180), (0, 270), (1, 225), (1, 270), (2, 225), (0, 315), (3, 225), (3, 180), (4, 225), (4, 270), (5, 225), (5, 180), (6, 225), (6, 270), (7, 225), (7, 180), (8, 225), (8, 270), (9, 225)]
