Search type: AStar
Size of world N: 5
Start point: (1, 180)
End point: (4, 180)
Obstacles located at: []

Starting A* Search...
Iteration #1 -------------------------
Current node: (1, 180)
Frontier: [(1, 225) 3.0, (1, 135) 3.0, (0, 180) 3.0, (2, 180) 3.0, ]
Explored States: [(1, 180)]
Iteration #2 -------------------------
Current node: (1, 225)
Frontier: [(2, 180) 3.0, (1, 135) 3.0, (0, 180) 3.0, (1, 270) 4.363, (0, 225) 4.363, (2, 225) 4.363, ]
Explored States: [(1, 180), (1, 225)]
Iteration #3 -------------------------
Current node: (2, 180)
Frontier: [(1, 135) 3.0, (2, 225) 3.0, (0, 180) 3.0, (1, 270) 4.363, (0, 225) 4.363, (2, 135) 3.0, (3, 180) 3.0, ]
Explored States: [(1, 180), (1, 225), (2, 180)]
Iteration #4 -------------------------
Current node: (1, 135)
Frontier: [(3, 180) 3.0, (2, 225) 3.0, (0, 180) 3.0, (1, 270) 4.363, (0, 225) 4.363, (2, 135) 3.0, (1, 90) 4.363, (0, 135) 4.363, ]
Explored States: [(1, 180), (1, 225), (2, 180), (1, 135)]
Iteration #5 -------------------------
Current node: (3, 180)
Frontier: [(2, 225) 3.0, (3, 225) 3.0, (0, 180) 3.0, (3, 135) 3.0, (4, 180) 3.0, (2, 135) 3.0, (1, 90) 4.363, (1, 270) 4.363, (0, 135) 4.363, (0, 225) 4.363, ]
Explored States: [(1, 180), (1, 225), (2, 180), (1, 135), (3, 180)]
Iteration #6 -------------------------
Current node: (2, 225)
Frontier: [(3, 225) 3.0, (3, 135) 3.0, (0, 180) 3.0, (0, 225) 4.363, (4, 180) 3.0, (2, 135) 3.0, (1, 90) 4.363, (1, 270) 4.363, (0, 135) 4.363, (2, 270) 5.976, ]
Explored States: [(1, 180), (1, 225), (2, 180), (1, 135), (3, 180), (2, 225)]
Iteration #7 -------------------------
Current node: (3, 225)
Frontier: [(3, 135) 3.0, (4, 180) 3.0, (0, 180) 3.0, (0, 225) 4.363, (2, 270) 5.976, (2, 135) 3.0, (1, 90) 4.363, (1, 270) 4.363, (0, 135) 4.363, (3, 270) 7.876, (4, 225) 7.876, ]
Explored States: [(1, 180), (1, 225), (2, 180), (1, 135), (3, 180), (2, 225), (3, 225)]
Iteration #8 -------------------------
Current node: (3, 135)
Frontier: [(4, 180) 3.0, (0, 225) 4.363, (0, 180) 3.0, (1, 270) 4.363, (2, 270) 5.976, (2, 135) 3.0, (1, 90) 4.363, (4, 225) 7.876, (0, 135) 4.363, (3, 270) 7.876, (3, 90) 7.876, (4, 135) 7.876, ]
Explored States: [(1, 180), (1, 225), (2, 180), (1, 135), (3, 180), (2, 225), (3, 225), (3, 135)]
Iteration #9 -------------------------
Current node: (4, 180)
Frontier: [(0, 180) 3.0, (0, 225) 4.363, (2, 135) 3.0, (1, 270) 4.363, (2, 270) 5.976, (4, 135) 7.876, (1, 90) 4.363, (4, 225) 7.876, (0, 135) 4.363, (3, 270) 7.876, (3, 90) 7.876, ]
Explored States: [(1, 180), (1, 225), (2, 180), (1, 135), (3, 180), (2, 225), (3, 225), (3, 135), (4, 180)]

Path found using AStar in 6.858 ms!
Flight instructions (3) : [H180, H180, H180]
Path followed (4 states): [(1, 180), (2, 180), (3, 180), (4, 180)]
Solution path cost: 3.0

Current node depth: 3
Nodes created: 33
9 states expanded: [(1, 180), (1, 225), (2, 180), (1, 135), (3, 180), (2, 225), (3, 225), (3, 135), (4, 180)]
