Search type: AStar
Size of world N: 8
Start point: (4, 0)
End point: (7, 90)
Obstacles located at: []

Starting A* Search...
Iteration #1 -------------------------
Current node: (4, 0)
Frontier: [(4, 45) 9.492, (4, 315) 9.492, (3, 0) 9.492, (5, 0) 9.492, ]
Explored States: [(4, 0)]
Iteration #2 -------------------------
Current node: (4, 45)
Frontier: [(4, 90) 9.107, (3, 45) 9.107, (5, 45) 9.107, (4, 315) 9.492, (5, 0) 9.492, (3, 0) 9.492, ]
Explored States: [(4, 0), (4, 45)]
Iteration #3 -------------------------
Current node: (4, 90)
Frontier: [(3, 45) 9.107, (5, 90) 9.283, (5, 45) 9.107, (3, 0) 9.492, (5, 0) 9.492, (4, 135) 9.283, (3, 90) 9.283, (4, 315) 9.492, ]
Explored States: [(4, 0), (4, 45), (4, 90)]
Iteration #4 -------------------------
Current node: (3, 45)
Frontier: [(5, 45) 9.107, (5, 90) 9.283, (4, 135) 9.283, (3, 0) 9.492, (5, 0) 9.492, (4, 315) 9.492, (3, 90) 9.283, (2, 45) 10.136, ]
Explored States: [(4, 0), (4, 45), (4, 90), (3, 45)]
Iteration #5 -------------------------
Current node: (5, 45)
Frontier: [(5, 90) 9.283, (3, 0) 9.492, (4, 135) 9.283, (2, 45) 10.136, (5, 0) 9.492, (4, 315) 9.492, (3, 90) 9.283, (6, 45) 10.243, ]
Explored States: [(4, 0), (4, 45), (4, 90), (3, 45), (5, 45)]
Iteration #6 -------------------------
Current node: (5, 90)
Frontier: [(4, 135) 9.283, (5, 135) 9.283, (3, 90) 9.283, (6, 90) 9.283, (5, 0) 9.492, (4, 315) 9.492, (6, 45) 10.243, (2, 45) 10.136, (3, 0) 9.492, ]
Explored States: [(4, 0), (4, 45), (4, 90), (3, 45), (5, 45), (5, 90)]
Iteration #7 -------------------------
Current node: (4, 135)
Frontier: [(5, 135) 9.283, (6, 90) 9.283, (3, 90) 9.283, (3, 0) 9.492, (5, 0) 9.492, (4, 315) 9.492, (6, 45) 10.243, (2, 45) 10.136, (4, 180) 15.39, (3, 135) 15.39, ]
Explored States: [(4, 0), (4, 45), (4, 90), (3, 45), (5, 45), (5, 90), (4, 135)]
Iteration #8 -------------------------
Current node: (5, 135)
Frontier: [(6, 90) 9.283, (3, 0) 9.492, (3, 90) 9.283, (2, 45) 10.136, (5, 0) 9.492, (4, 315) 9.492, (6, 45) 10.243, (3, 135) 15.39, (4, 180) 15.39, (5, 180) 17.312, (6, 135) 17.312, ]
Explored States: [(4, 0), (4, 45), (4, 90), (3, 45), (5, 45), (5, 90), (4, 135), (5, 135)]
Iteration #9 -------------------------
Current node: (6, 90)
Frontier: [(3, 90) 9.283, (7, 90) 9.283, (4, 315) 9.492, (2, 45) 10.136, (5, 180) 17.312, (6, 135) 17.312, (6, 45) 10.243, (3, 135) 15.39, (4, 180) 15.39, ]
Explored States: [(4, 0), (4, 45), (4, 90), (3, 45), (5, 45), (5, 90), (4, 135), (5, 135), (6, 90)]
Iteration #10 -------------------------
Current node: (3, 90)
Frontier: [(7, 90) 9.283, (2, 45) 10.136, (4, 315) 9.492, (2, 90) 11.283, (5, 180) 17.312, (6, 135) 17.312, (6, 45) 10.243, (3, 135) 15.39, ]
Explored States: [(4, 0), (4, 45), (4, 90), (3, 45), (5, 45), (5, 90), (4, 135), (5, 135), (6, 90), (3, 90)]
Iteration #11 -------------------------
Current node: (7, 90)
Frontier: [(4, 315) 9.492, (2, 45) 10.136, (6, 45) 10.243, (2, 90) 11.283, (5, 180) 17.312, (6, 135) 17.312, (3, 135) 15.39, ]
Explored States: [(4, 0), (4, 45), (4, 90), (3, 45), (5, 45), (5, 90), (4, 135), (5, 135), (6, 90), (3, 90), (7, 90)]

Path found using AStar in 7.459 ms!
Flight instructions (5) : [H90, H90, H180, H180, H180]
Path followed (6 states): [(4, 0), (4, 45), (4, 90), (5, 90), (6, 90), (7, 90)]
Solution path cost: 9.283

Current node depth: 5
Nodes created: 41
11 states expanded: [(4, 0), (4, 45), (4, 90), (3, 45), (5, 45), (5, 90), (4, 135), (5, 135), (6, 90), (3, 90), (7, 90)]
