Search type: AStar
Size of world N: 5
Start point: (1, 315)
End point: (4, 45)
Obstacles located at: []

Starting A* Search...
Iteration #1 -------------------------
Current node: (1, 315)
Frontier: [(1, 0) 3.021, (1, 270) 3.021, (0, 315) 3.021, (2, 315) 3.021, ]
Explored States: [(1, 315)]
Iteration #2 -------------------------
Current node: (1, 0)
Frontier: [(2, 315) 3.021, (1, 270) 3.021, (0, 315) 3.021, (1, 45) 4.363, (2, 0) 4.363, ]
Explored States: [(1, 315), (1, 0)]
Iteration #3 -------------------------
Current node: (2, 315)
Frontier: [(1, 270) 3.021, (2, 0) 3.062, (0, 315) 3.021, (1, 45) 4.363, (2, 270) 3.062, (3, 315) 3.062, ]
Explored States: [(1, 315), (1, 0), (2, 315)]
Iteration #4 -------------------------
Current node: (1, 270)
Frontier: [(0, 315) 3.021, (2, 0) 3.062, (3, 315) 3.062, (1, 45) 4.363, (2, 270) 3.062, (1, 225) 4.535, (0, 270) 4.535, ]
Explored States: [(1, 315), (1, 0), (2, 315), (1, 270)]
Iteration #5 -------------------------
Current node: (0, 315)
Frontier: [(2, 0) 3.062, (2, 270) 3.062, (3, 315) 3.062, (1, 45) 4.363, (0, 270) 4.535, (1, 225) 4.535, ]
Explored States: [(1, 315), (1, 0), (2, 315), (1, 270), (0, 315)]
Iteration #6 -------------------------
Current node: (2, 0)
Frontier: [(2, 270) 3.062, (1, 45) 4.363, (3, 315) 3.062, (1, 225) 4.535, (0, 270) 4.535, (2, 45) 5.976, (3, 0) 5.976, ]
Explored States: [(1, 315), (1, 0), (2, 315), (1, 270), (0, 315), (2, 0)]
Iteration #7 -------------------------
Current node: (2, 270)
Frontier: [(3, 315) 3.062, (1, 45) 4.363, (3, 0) 5.976, (1, 225) 4.535, (0, 270) 4.535, (2, 45) 5.976, (2, 225) 6.329, (3, 270) 6.329, ]
Explored States: [(1, 315), (1, 0), (2, 315), (1, 270), (0, 315), (2, 0), (2, 270)]
Iteration #8 -------------------------
Current node: (3, 315)
Frontier: [(4, 315) 3.173, (2, 45) 5.976, (0, 270) 4.535, (3, 270) 6.329, (2, 225) 6.329, (3, 0) 5.976, ]
Explored States: [(1, 315), (1, 0), (2, 315), (1, 270), (0, 315), (2, 0), (2, 270), (3, 315)]
Iteration #9 -------------------------
Current node: (4, 315)
Frontier: [(4, 0) 3.707, (2, 45) 5.976, (4, 270) 3.707, (3, 270) 6.329, (2, 225) 6.329, (3, 0) 5.976, (0, 270) 4.535, ]
Explored States: [(1, 315), (1, 0), (2, 315), (1, 270), (0, 315), (2, 0), (2, 270), (3, 315), (4, 315)]
Iteration #10 -------------------------
Current node: (4, 0)
Frontier: [(4, 270) 3.707, (2, 45) 5.976, (0, 270) 4.535, (3, 270) 6.329, (2, 225) 6.329, (3, 0) 5.976, (4, 45) 10.039, ]
Explored States: [(1, 315), (1, 0), (2, 315), (1, 270), (0, 315), (2, 0), (2, 270), (3, 315), (4, 315), (4, 0)]
Iteration #11 -------------------------
Current node: (4, 270)
Frontier: [(0, 270) 4.535, (2, 45) 5.976, (3, 0) 5.976, (3, 270) 6.329, (2, 225) 6.329, (4, 45) 10.039, (4, 225) 10.641, ]
Explored States: [(1, 315), (1, 0), (2, 315), (1, 270), (0, 315), (2, 0), (2, 270), (3, 315), (4, 315), (4, 0), (4, 270)]
Iteration #12 -------------------------
Current node: (0, 270)
Frontier: [(0, 225) 5.785, (3, 270) 6.329, (2, 45) 5.976, (4, 225) 10.641, (2, 225) 6.329, (4, 45) 10.039, (3, 0) 5.976, ]
Explored States: [(1, 315), (1, 0), (2, 315), (1, 270), (0, 315), (2, 0), (2, 270), (3, 315), (4, 315), (4, 0), (4, 270), (0, 270)]
Iteration #13 -------------------------
Current node: (0, 225)
Frontier: [(0, 180) 5.785, (1, 225) 5.785, (3, 0) 5.976, (3, 270) 6.329, (2, 225) 6.329, (4, 45) 10.039, (2, 45) 5.976, (4, 225) 10.641, ]
Explored States: [(1, 315), (1, 0), (2, 315), (1, 270), (0, 315), (2, 0), (2, 270), (3, 315), (4, 315), (4, 0), (4, 270), (0, 270), (0, 225)]
Iteration #14 -------------------------
Current node: (0, 180)
Frontier: [(1, 225) 5.785, (0, 135) 5.785, (3, 0) 5.976, (1, 180) 5.785, (2, 225) 6.329, (4, 45) 10.039, (2, 45) 5.976, (4, 225) 10.641, (3, 270) 6.329, ]
Explored States: [(1, 315), (1, 0), (2, 315), (1, 270), (0, 315), (2, 0), (2, 270), (3, 315), (4, 315), (4, 0), (4, 270), (0, 270), (0, 225), (0, 180)]
Iteration #15 -------------------------
Current node: (1, 225)
Frontier: [(0, 135) 5.785, (1, 180) 5.785, (3, 0) 5.976, (3, 270) 6.329, (2, 225) 6.329, (2, 45) 5.976, ]
Explored States: [(1, 315), (1, 0), (2, 315), (1, 270), (0, 315), (2, 0), (2, 270), (3, 315), (4, 315), (4, 0), (4, 270), (0, 270), (0, 225), (0, 180), (1, 225)]
Iteration #16 -------------------------
Current node: (0, 135)
Frontier: [(1, 180) 5.785, (2, 45) 5.976, (0, 90) 5.785, (3, 270) 6.329, (2, 225) 6.329, (3, 0) 5.976, (1, 135) 5.785, ]
Explored States: [(1, 315), (1, 0), (2, 315), (1, 270), (0, 315), (2, 0), (2, 270), (3, 315), (4, 315), (4, 0), (4, 270), (0, 270), (0, 225), (0, 180), (1, 225), (0, 135)]
Iteration #17 -------------------------
Current node: (1, 180)
Frontier: [(1, 135) 5.785, (2, 45) 5.976, (0, 90) 5.785, (3, 270) 6.329, (2, 225) 6.329, (3, 0) 5.976, (2, 180) 7.782, ]
Explored States: [(1, 315), (1, 0), (2, 315), (1, 270), (0, 315), (2, 0), (2, 270), (3, 315), (4, 315), (4, 0), (4, 270), (0, 270), (0, 225), (0, 180), (1, 225), (0, 135), (1, 180)]
Iteration #18 -------------------------
Current node: (1, 135)
Frontier: [(0, 90) 5.785, (2, 45) 5.976, (3, 0) 5.976, (3, 270) 6.329, (2, 225) 6.329, (2, 180) 7.782, (1, 90) 7.322, (2, 135) 7.322, ]
Explored States: [(1, 315), (1, 0), (2, 315), (1, 270), (0, 315), (2, 0), (2, 270), (3, 315), (4, 315), (4, 0), (4, 270), (0, 270), (0, 225), (0, 180), (1, 225), (0, 135), (1, 180), (1, 135)]
Iteration #19 -------------------------
Current node: (0, 90)
Frontier: [(0, 45) 5.785, (3, 270) 6.329, (3, 0) 5.976, (2, 135) 7.322, (2, 225) 6.329, (2, 180) 7.782, (1, 90) 7.322, ]
Explored States: [(1, 315), (1, 0), (2, 315), (1, 270), (0, 315), (2, 0), (2, 270), (3, 315), (4, 315), (4, 0), (4, 270), (0, 270), (0, 225), (0, 180), (1, 225), (0, 135), (1, 180), (1, 135), (0, 90)]
Iteration #20 -------------------------
Current node: (0, 45)
Frontier: [(1, 45) 5.785, (3, 270) 6.329, (3, 0) 5.976, (2, 135) 7.322, (2, 225) 6.329, (2, 180) 7.782, (1, 90) 7.322, ]
Explored States: [(1, 315), (1, 0), (2, 315), (1, 270), (0, 315), (2, 0), (2, 270), (3, 315), (4, 315), (4, 0), (4, 270), (0, 270), (0, 225), (0, 180), (1, 225), (0, 135), (1, 180), (1, 135), (0, 90), (0, 45)]
Iteration #21 -------------------------
Current node: (1, 45)
Frontier: [(2, 45) 5.785, (2, 225) 6.329, (3, 270) 6.329, (2, 135) 7.322, (2, 180) 7.782, (1, 90) 7.322, ]
Explored States: [(1, 315), (1, 0), (2, 315), (1, 270), (0, 315), (2, 0), (2, 270), (3, 315), (4, 315), (4, 0), (4, 270), (0, 270), (0, 225), (0, 180), (1, 225), (0, 135), (1, 180), (1, 135), (0, 90), (0, 45), (1, 45)]
Iteration #22 -------------------------
Current node: (2, 45)
Frontier: [(2, 90) 5.785, (1, 90) 7.322, (3, 45) 5.785, (2, 135) 7.322, (2, 180) 7.782, (3, 270) 6.329, (2, 225) 6.329, ]
Explored States: [(1, 315), (1, 0), (2, 315), (1, 270), (0, 315), (2, 0), (2, 270), (3, 315), (4, 315), (4, 0), (4, 270), (0, 270), (0, 225), (0, 180), (1, 225), (0, 135), (1, 180), (1, 135), (0, 90), (0, 45), (1, 45), (2, 45)]
Iteration #23 -------------------------
Current node: (2, 90)
Frontier: [(3, 45) 5.785, (1, 90) 7.322, (2, 225) 6.329, (2, 135) 7.322, (2, 180) 7.782, (3, 270) 6.329, (3, 90) 8.761, ]
Explored States: [(1, 315), (1, 0), (2, 315), (1, 270), (0, 315), (2, 0), (2, 270), (3, 315), (4, 315), (4, 0), (4, 270), (0, 270), (0, 225), (0, 180), (1, 225), (0, 135), (1, 180), (1, 135), (0, 90), (0, 45), (1, 45), (2, 45), (2, 90)]
Iteration #24 -------------------------
Current node: (3, 45)
Frontier: [(3, 0) 5.785, (1, 90) 7.322, (4, 45) 5.785, (2, 135) 7.322, (2, 180) 7.782, (3, 90) 8.761, (3, 270) 6.329, ]
Explored States: [(1, 315), (1, 0), (2, 315), (1, 270), (0, 315), (2, 0), (2, 270), (3, 315), (4, 315), (4, 0), (4, 270), (0, 270), (0, 225), (0, 180), (1, 225), (0, 135), (1, 180), (1, 135), (0, 90), (0, 45), (1, 45), (2, 45), (2, 90), (3, 45)]
Iteration #25 -------------------------
Current node: (3, 0)
Frontier: [(4, 45) 5.785, (1, 90) 7.322, (3, 270) 6.329, (2, 135) 7.322, (2, 180) 7.782, (3, 90) 8.761, ]
Explored States: [(1, 315), (1, 0), (2, 315), (1, 270), (0, 315), (2, 0), (2, 270), (3, 315), (4, 315), (4, 0), (4, 270), (0, 270), (0, 225), (0, 180), (1, 225), (0, 135), (1, 180), (1, 135), (0, 90), (0, 45), (1, 45), (2, 45), (2, 90), (3, 45), (3, 0)]
Iteration #26 -------------------------
Current node: (4, 45)
Frontier: [(3, 270) 6.329, (1, 90) 7.322, (3, 90) 8.761, (2, 135) 7.322, (2, 180) 7.782, ]
Explored States: [(1, 315), (1, 0), (2, 315), (1, 270), (0, 315), (2, 0), (2, 270), (3, 315), (4, 315), (4, 0), (4, 270), (0, 270), (0, 225), (0, 180), (1, 225), (0, 135), (1, 180), (1, 135), (0, 90), (0, 45), (1, 45), (2, 45), (2, 90), (3, 45), (3, 0), (4, 45)]

Path found using AStar in 11.578 ms!
Flight instructions (11) : [H270, H360, H270, H270, H270, H270, H270, H180, H180, H180, H180]
Path followed (12 states): [(1, 315), (1, 270), (0, 270), (0, 225), (0, 180), (0, 135), (0, 90), (0, 45), (1, 45), (2, 45), (3, 45), (4, 45)]
Solution path cost: 5.785

Current node depth: 11
Nodes created: 88
26 states expanded: [(1, 315), (1, 0), (2, 315), (1, 270), (0, 315), (2, 0), (2, 270), (3, 315), (4, 315), (4, 0), (4, 270), (0, 270), (0, 225), (0, 180), (1, 225), (0, 135), (1, 180), (1, 135), (0, 90), (0, 45), (1, 45), (2, 45), (2, 90), (3, 45), (3, 0), (4, 45)]
