Search type: AStar
Size of world N: 10
Start point: (9, 225)
End point: (2, 45)
Obstacles located at: []

Starting A* Search...
Iteration #1 -------------------------
Current node: (9, 225)
Frontier: [(9, 270) 10.322, (9, 180) 10.322, (8, 225) 10.322, ]
Explored States: [(9, 225)]
Iteration #2 -------------------------
Current node: (9, 270)
Frontier: [(8, 225) 10.322, (9, 180) 10.322, (9, 315) 15.541, (8, 270) 15.541, ]
Explored States: [(9, 225), (9, 270)]
Iteration #3 -------------------------
Current node: (8, 225)
Frontier: [(9, 180) 10.322, (8, 180) 10.335, (8, 270) 10.335, (9, 315) 15.541, (7, 225) 10.335, ]
Explored States: [(9, 225), (9, 270), (8, 225)]
Iteration #4 -------------------------
Current node: (9, 180)
Frontier: [(7, 225) 10.335, (8, 180) 10.335, (8, 270) 10.335, (9, 315) 15.541, (9, 135) 18.062, ]
Explored States: [(9, 225), (9, 270), (8, 225), (9, 180)]
Iteration #5 -------------------------
Current node: (7, 225)
Frontier: [(8, 180) 10.335, (7, 270) 10.352, (8, 270) 10.335, (9, 135) 18.062, (9, 315) 15.541, (7, 180) 10.352, (6, 225) 10.352, ]
Explored States: [(9, 225), (9, 270), (8, 225), (9, 180), (7, 225)]
Iteration #6 -------------------------
Current node: (8, 180)
Frontier: [(8, 270) 10.335, (7, 270) 10.352, (6, 225) 10.352, (7, 180) 10.352, (9, 315) 15.541, (8, 135) 17.277, ]
Explored States: [(9, 225), (9, 270), (8, 225), (9, 180), (7, 225), (8, 180)]
Iteration #7 -------------------------
Current node: (8, 270)
Frontier: [(7, 270) 10.352, (7, 180) 10.352, (6, 225) 10.352, (9, 315) 15.541, (8, 315) 14.783, ]
Explored States: [(9, 225), (9, 270), (8, 225), (9, 180), (7, 225), (8, 180), (8, 270)]
Iteration #8 -------------------------
Current node: (7, 270)
Frontier: [(7, 180) 10.352, (7, 315) 14.033, (6, 225) 10.352, (9, 315) 15.541, (8, 315) 14.783, (6, 270) 14.033, ]
Explored States: [(9, 225), (9, 270), (8, 225), (9, 180), (7, 225), (8, 180), (8, 270), (7, 270)]
Iteration #9 -------------------------
Current node: (7, 180)
Frontier: [(6, 225) 10.352, (7, 315) 14.033, (6, 270) 14.033, (9, 315) 15.541, (8, 315) 14.783, (7, 135) 16.492, (6, 180) 16.492, ]
Explored States: [(9, 225), (9, 270), (8, 225), (9, 180), (7, 225), (8, 180), (8, 270), (7, 270), (7, 180)]
Iteration #10 -------------------------
Current node: (6, 225)
Frontier: [(5, 225) 10.373, (8, 315) 14.783, (7, 135) 16.492, (6, 180) 16.492, (9, 315) 15.541, ]
Explored States: [(9, 225), (9, 270), (8, 225), (9, 180), (7, 225), (8, 180), (8, 270), (7, 270), (7, 180), (6, 225)]
Iteration #11 -------------------------
Current node: (5, 225)
Frontier: [(5, 270) 10.401, (8, 315) 14.783, (5, 180) 10.401, (6, 180) 16.492, (9, 315) 15.541, (7, 135) 16.492, (4, 225) 10.401, ]
Explored States: [(9, 225), (9, 270), (8, 225), (9, 180), (7, 225), (8, 180), (8, 270), (7, 270), (7, 180), (6, 225), (5, 225)]
Iteration #12 -------------------------
Current node: (5, 270)
Frontier: [(4, 225) 10.401, (4, 270) 12.58, (5, 180) 10.401, (6, 270) 12.58, (9, 315) 15.541, (7, 135) 16.492, (5, 315) 12.58, (6, 180) 16.492, (8, 315) 14.783, ]
Explored States: [(9, 225), (9, 270), (8, 225), (9, 180), (7, 225), (8, 180), (8, 270), (7, 270), (7, 180), (6, 225), (5, 225), (5, 270)]
Iteration #13 -------------------------
Current node: (4, 225)
Frontier: [(5, 180) 10.401, (4, 270) 10.438, (5, 315) 12.58, (4, 180) 10.438, (3, 225) 10.438, (7, 135) 16.492, (8, 315) 14.783, (6, 180) 16.492, (6, 270) 12.58, (9, 315) 15.541, ]
Explored States: [(9, 225), (9, 270), (8, 225), (9, 180), (7, 225), (8, 180), (8, 270), (7, 270), (7, 180), (6, 225), (5, 225), (5, 270), (4, 225)]
Iteration #14 -------------------------
Current node: (5, 180)
Frontier: [(4, 270) 10.438, (4, 180) 10.438, (5, 315) 12.58, (6, 270) 12.58, (3, 225) 10.438, (6, 180) 16.492, (8, 315) 14.783, (5, 135) 14.921, ]
Explored States: [(9, 225), (9, 270), (8, 225), (9, 180), (7, 225), (8, 180), (8, 270), (7, 270), (7, 180), (6, 225), (5, 225), (5, 270), (4, 225), (5, 180)]
Iteration #15 -------------------------
Current node: (4, 270)
Frontier: [(4, 180) 10.438, (3, 225) 10.438, (5, 315) 12.58, (4, 315) 11.9, (5, 135) 14.921, (6, 180) 16.492, (8, 315) 14.783, (6, 270) 12.58, (3, 270) 11.9, ]
Explored States: [(9, 225), (9, 270), (8, 225), (9, 180), (7, 225), (8, 180), (8, 270), (7, 270), (7, 180), (6, 225), (5, 225), (5, 270), (4, 225), (5, 180), (4, 270)]
Iteration #16 -------------------------
Current node: (4, 180)
Frontier: [(3, 225) 10.438, (3, 270) 11.9, (5, 315) 12.58, (4, 315) 11.9, (3, 180) 14.136, (6, 180) 16.492, (8, 315) 14.783, (6, 270) 12.58, (4, 135) 14.136, (5, 135) 14.921, ]
Explored States: [(9, 225), (9, 270), (8, 225), (9, 180), (7, 225), (8, 180), (8, 270), (7, 270), (7, 180), (6, 225), (5, 225), (5, 270), (4, 225), (5, 180), (4, 270), (4, 180)]
Iteration #17 -------------------------
Current node: (3, 225)
Frontier: [(3, 270) 10.492, (2, 225) 10.492, (5, 315) 12.58, (6, 270) 12.58, (3, 180) 14.136, (6, 180) 16.492, (8, 315) 14.783, (5, 135) 14.921, (4, 135) 14.136, ]
Explored States: [(9, 225), (9, 270), (8, 225), (9, 180), (7, 225), (8, 180), (8, 270), (7, 270), (7, 180), (6, 225), (5, 225), (5, 270), (4, 225), (5, 180), (4, 270), (4, 180), (3, 225)]
Iteration #18 -------------------------
Current node: (3, 270)
Frontier: [(2, 225) 10.492, (3, 315) 11.287, (5, 315) 12.58, (6, 270) 12.58, (2, 270) 11.287, (6, 180) 16.492, (8, 315) 14.783, (5, 135) 14.921, (4, 135) 14.136, (3, 180) 14.136, ]
Explored States: [(9, 225), (9, 270), (8, 225), (9, 180), (7, 225), (8, 180), (8, 270), (7, 270), (7, 180), (6, 225), (5, 225), (5, 270), (4, 225), (5, 180), (4, 270), (4, 180), (3, 225), (3, 270)]
Iteration #19 -------------------------
Current node: (2, 225)
Frontier: [(2, 180) 10.576, (1, 225) 10.576, (5, 315) 12.58, (6, 270) 12.58, (2, 270) 11.287, (6, 180) 16.492, (8, 315) 14.783, (5, 135) 14.921, (4, 135) 14.136, (3, 180) 14.136, ]
Explored States: [(9, 225), (9, 270), (8, 225), (9, 180), (7, 225), (8, 180), (8, 270), (7, 270), (7, 180), (6, 225), (5, 225), (5, 270), (4, 225), (5, 180), (4, 270), (4, 180), (3, 225), (3, 270), (2, 225)]
Iteration #20 -------------------------
Current node: (2, 180)
Frontier: [(1, 225) 10.576, (2, 270) 11.287, (4, 135) 14.136, (2, 135) 12.567, (1, 180) 12.567, (6, 180) 16.492, (8, 315) 14.783, (5, 135) 14.921, (6, 270) 12.58, (3, 180) 14.136, ]
Explored States: [(9, 225), (9, 270), (8, 225), (9, 180), (7, 225), (8, 180), (8, 270), (7, 270), (7, 180), (6, 225), (5, 225), (5, 270), (4, 225), (5, 180), (4, 270), (4, 180), (3, 225), (3, 270), (2, 225), (2, 180)]
Iteration #21 -------------------------
Current node: (1, 225)
Frontier: [(1, 270) 10.719, (0, 225) 10.719, (4, 135) 14.136, (1, 180) 12.567, (2, 135) 12.567, (6, 180) 16.492, (8, 315) 14.783, (5, 135) 14.921, (6, 270) 12.58, (3, 180) 14.136, ]
Explored States: [(9, 225), (9, 270), (8, 225), (9, 180), (7, 225), (8, 180), (8, 270), (7, 270), (7, 180), (6, 225), (5, 225), (5, 270), (4, 225), (5, 180), (4, 270), (4, 180), (3, 225), (3, 270), (2, 225), (2, 180), (1, 225)]
Iteration #22 -------------------------
Current node: (1, 270)
Frontier: [(1, 315) 10.664, (0, 270) 10.664, (2, 270) 10.664, (6, 270) 12.58, (0, 225) 10.719, (4, 135) 14.136, (8, 315) 14.783, (5, 135) 14.921, (3, 180) 14.136, (2, 135) 12.567, (1, 180) 12.567, (6, 180) 16.492, ]
Explored States: [(9, 225), (9, 270), (8, 225), (9, 180), (7, 225), (8, 180), (8, 270), (7, 270), (7, 180), (6, 225), (5, 225), (5, 270), (4, 225), (5, 180), (4, 270), (4, 180), (3, 225), (3, 270), (2, 225), (2, 180), (1, 225), (1, 270)]
Iteration #23 -------------------------
Current node: (1, 315)
Frontier: [(1, 0) 10.602, (0, 225) 10.719, (0, 315) 10.602, (6, 270) 12.58, (2, 135) 12.567, (0, 270) 10.664, (2, 315) 10.602, (5, 135) 14.921, (3, 180) 14.136, (6, 180) 16.492, (1, 180) 12.567, (4, 135) 14.136, (2, 270) 10.664, (8, 315) 14.783, ]
Explored States: [(9, 225), (9, 270), (8, 225), (9, 180), (7, 225), (8, 180), (8, 270), (7, 270), (7, 180), (6, 225), (5, 225), (5, 270), (4, 225), (5, 180), (4, 270), (4, 180), (3, 225), (3, 270), (2, 225), (2, 180), (1, 225), (1, 270), (1, 315)]
Iteration #24 -------------------------
Current node: (1, 0)
Frontier: [(0, 315) 10.602, (0, 225) 10.719, (2, 315) 10.602, (6, 270) 12.58, (2, 135) 12.567, (0, 270) 10.664, (1, 45) 12.059, (5, 135) 14.921, (3, 180) 14.136, (6, 180) 16.492, (1, 180) 12.567, (4, 135) 14.136, (2, 270) 10.664, (8, 315) 14.783, (2, 0) 12.059, ]
Explored States: [(9, 225), (9, 270), (8, 225), (9, 180), (7, 225), (8, 180), (8, 270), (7, 270), (7, 180), (6, 225), (5, 225), (5, 270), (4, 225), (5, 180), (4, 270), (4, 180), (3, 225), (3, 270), (2, 225), (2, 180), (1, 225), (1, 270), (1, 315), (1, 0)]
Iteration #25 -------------------------
Current node: (0, 315)
Frontier: [(2, 315) 10.602, (0, 225) 10.719, (0, 270) 10.664, (3, 180) 14.136, (2, 135) 12.567, (2, 270) 10.664, (1, 45) 12.059, (5, 135) 14.921, (8, 315) 14.783, (6, 180) 16.492, (1, 180) 12.567, (4, 135) 14.136, (2, 0) 12.059, ]
Explored States: [(9, 225), (9, 270), (8, 225), (9, 180), (7, 225), (8, 180), (8, 270), (7, 270), (7, 180), (6, 225), (5, 225), (5, 270), (4, 225), (5, 180), (4, 270), (4, 180), (3, 225), (3, 270), (2, 225), (2, 180), (1, 225), (1, 270), (1, 315), (1, 0), (0, 315)]
Iteration #26 -------------------------
Current node: (2, 315)
Frontier: [(0, 270) 10.664, (0, 225) 10.719, (2, 270) 10.664, (1, 180) 12.567, (3, 315) 10.924, (2, 0) 12.059, (1, 45) 12.059, (5, 135) 14.921, (8, 315) 14.783, (6, 180) 16.492, (2, 135) 12.567, ]
Explored States: [(9, 225), (9, 270), (8, 225), (9, 180), (7, 225), (8, 180), (8, 270), (7, 270), (7, 180), (6, 225), (5, 225), (5, 270), (4, 225), (5, 180), (4, 270), (4, 180), (3, 225), (3, 270), (2, 225), (2, 180), (1, 225), (1, 270), (1, 315), (1, 0), (0, 315), (2, 315)]
Iteration #27 -------------------------
Current node: (0, 270)
Frontier: [(2, 270) 10.664, (0, 225) 10.719, (1, 45) 12.059, (1, 180) 12.567, (3, 315) 10.924, (2, 135) 12.567, (6, 180) 16.492, (5, 135) 14.921, (8, 315) 14.783, ]
Explored States: [(9, 225), (9, 270), (8, 225), (9, 180), (7, 225), (8, 180), (8, 270), (7, 270), (7, 180), (6, 225), (5, 225), (5, 270), (4, 225), (5, 180), (4, 270), (4, 180), (3, 225), (3, 270), (2, 225), (2, 180), (1, 225), (1, 270), (1, 315), (1, 0), (0, 315), (2, 315), (0, 270)]
Iteration #28 -------------------------
Current node: (2, 270)
Frontier: [(0, 225) 10.719, (3, 315) 10.924, (1, 45) 12.059, (1, 180) 12.567, (8, 315) 14.783, (2, 135) 12.567, (6, 180) 16.492, (5, 135) 14.921, ]
Explored States: [(9, 225), (9, 270), (8, 225), (9, 180), (7, 225), (8, 180), (8, 270), (7, 270), (7, 180), (6, 225), (5, 225), (5, 270), (4, 225), (5, 180), (4, 270), (4, 180), (3, 225), (3, 270), (2, 225), (2, 180), (1, 225), (1, 270), (1, 315), (1, 0), (0, 315), (2, 315), (0, 270), (2, 270)]
Iteration #29 -------------------------
Current node: (0, 225)
Frontier: [(3, 315) 10.924, (0, 180) 11.0, (1, 45) 12.059, (1, 180) 12.567, (8, 315) 14.783, (2, 135) 12.567, (6, 180) 16.492, (5, 135) 14.921, ]
Explored States: [(9, 225), (9, 270), (8, 225), (9, 180), (7, 225), (8, 180), (8, 270), (7, 270), (7, 180), (6, 225), (5, 225), (5, 270), (4, 225), (5, 180), (4, 270), (4, 180), (3, 225), (3, 270), (2, 225), (2, 180), (1, 225), (1, 270), (1, 315), (1, 0), (0, 315), (2, 315), (0, 270), (2, 270), (0, 225)]
Iteration #30 -------------------------
Current node: (3, 315)
Frontier: [(0, 180) 11.0, (1, 180) 12.567, (1, 45) 12.059, (3, 0) 12.66, (8, 315) 14.783, (2, 135) 12.567, (6, 180) 16.492, (5, 135) 14.921, (4, 315) 12.66, ]
Explored States: [(9, 225), (9, 270), (8, 225), (9, 180), (7, 225), (8, 180), (8, 270), (7, 270), (7, 180), (6, 225), (5, 225), (5, 270), (4, 225), (5, 180), (4, 270), (4, 180), (3, 225), (3, 270), (2, 225), (2, 180), (1, 225), (1, 270), (1, 315), (1, 0), (0, 315), (2, 315), (0, 270), (2, 270), (0, 225), (3, 315)]
Iteration #31 -------------------------
Current node: (0, 180)
Frontier: [(0, 135) 11.0, (1, 180) 12.567, (2, 135) 12.567, (3, 0) 12.66, (8, 315) 14.783, (4, 315) 12.66, (6, 180) 16.492, (5, 135) 14.921, ]
Explored States: [(9, 225), (9, 270), (8, 225), (9, 180), (7, 225), (8, 180), (8, 270), (7, 270), (7, 180), (6, 225), (5, 225), (5, 270), (4, 225), (5, 180), (4, 270), (4, 180), (3, 225), (3, 270), (2, 225), (2, 180), (1, 225), (1, 270), (1, 315), (1, 0), (0, 315), (2, 315), (0, 270), (2, 270), (0, 225), (3, 315), (0, 180)]
Iteration #32 -------------------------
Current node: (0, 135)
Frontier: [(0, 90) 11.0, (1, 135) 11.0, (2, 135) 12.567, (1, 180) 12.567, (8, 315) 14.783, (4, 315) 12.66, (6, 180) 16.492, (5, 135) 14.921, (3, 0) 12.66, ]
Explored States: [(9, 225), (9, 270), (8, 225), (9, 180), (7, 225), (8, 180), (8, 270), (7, 270), (7, 180), (6, 225), (5, 225), (5, 270), (4, 225), (5, 180), (4, 270), (4, 180), (3, 225), (3, 270), (2, 225), (2, 180), (1, 225), (1, 270), (1, 315), (1, 0), (0, 315), (2, 315), (0, 270), (2, 270), (0, 225), (3, 315), (0, 180), (0, 135)]
Iteration #33 -------------------------
Current node: (0, 90)
Frontier: [(1, 135) 11.0, (0, 45) 11.0, (2, 135) 12.567, (1, 180) 12.567, (1, 90) 11.0, (4, 315) 12.66, (6, 180) 16.492, (5, 135) 14.921, (3, 0) 12.66, (8, 315) 14.783, ]
Explored States: [(9, 225), (9, 270), (8, 225), (9, 180), (7, 225), (8, 180), (8, 270), (7, 270), (7, 180), (6, 225), (5, 225), (5, 270), (4, 225), (5, 180), (4, 270), (4, 180), (3, 225), (3, 270), (2, 225), (2, 180), (1, 225), (1, 270), (1, 315), (1, 0), (0, 315), (2, 315), (0, 270), (2, 270), (0, 225), (3, 315), (0, 180), (0, 135), (0, 90)]
Iteration #34 -------------------------
Current node: (1, 135)
Frontier: [(0, 45) 11.0, (1, 90) 11.0, (2, 135) 12.567, (1, 180) 12.567, (6, 180) 16.492, (4, 315) 12.66, ]
Explored States: [(9, 225), (9, 270), (8, 225), (9, 180), (7, 225), (8, 180), (8, 270), (7, 270), (7, 180), (6, 225), (5, 225), (5, 270), (4, 225), (5, 180), (4, 270), (4, 180), (3, 225), (3, 270), (2, 225), (2, 180), (1, 225), (1, 270), (1, 315), (1, 0), (0, 315), (2, 315), (0, 270), (2, 270), (0, 225), (3, 315), (0, 180), (0, 135), (0, 90), (1, 135)]
Iteration #35 -------------------------
Current node: (0, 45)
Frontier: [(1, 90) 11.0, (1, 180) 12.567, (1, 45) 11.0, (4, 315) 12.66, (6, 180) 16.492, (2, 135) 12.567, ]
Explored States: [(9, 225), (9, 270), (8, 225), (9, 180), (7, 225), (8, 180), (8, 270), (7, 270), (7, 180), (6, 225), (5, 225), (5, 270), (4, 225), (5, 180), (4, 270), (4, 180), (3, 225), (3, 270), (2, 225), (2, 180), (1, 225), (1, 270), (1, 315), (1, 0), (0, 315), (2, 315), (0, 270), (2, 270), (0, 225), (3, 315), (0, 180), (0, 135), (0, 90), (1, 135), (0, 45)]
Iteration #36 -------------------------
Current node: (1, 90)
Frontier: [(1, 45) 11.0, (2, 90) 11.703, (2, 135) 12.567, (6, 180) 16.492, (4, 315) 12.66, ]
Explored States: [(9, 225), (9, 270), (8, 225), (9, 180), (7, 225), (8, 180), (8, 270), (7, 270), (7, 180), (6, 225), (5, 225), (5, 270), (4, 225), (5, 180), (4, 270), (4, 180), (3, 225), (3, 270), (2, 225), (2, 180), (1, 225), (1, 270), (1, 315), (1, 0), (0, 315), (2, 315), (0, 270), (2, 270), (0, 225), (3, 315), (0, 180), (0, 135), (0, 90), (1, 135), (0, 45), (1, 90)]
Iteration #37 -------------------------
Current node: (1, 45)
Frontier: [(2, 45) 11.0, (2, 90) 11.703, (2, 135) 12.567, (6, 180) 16.492, (4, 315) 12.66, ]
Explored States: [(9, 225), (9, 270), (8, 225), (9, 180), (7, 225), (8, 180), (8, 270), (7, 270), (7, 180), (6, 225), (5, 225), (5, 270), (4, 225), (5, 180), (4, 270), (4, 180), (3, 225), (3, 270), (2, 225), (2, 180), (1, 225), (1, 270), (1, 315), (1, 0), (0, 315), (2, 315), (0, 270), (2, 270), (0, 225), (3, 315), (0, 180), (0, 135), (0, 90), (1, 135), (0, 45), (1, 90), (1, 45)]
Iteration #38 -------------------------
Current node: (2, 45)
Frontier: [(2, 90) 11.703, (4, 315) 12.66, (2, 135) 12.567, (6, 180) 16.492, ]
Explored States: [(9, 225), (9, 270), (8, 225), (9, 180), (7, 225), (8, 180), (8, 270), (7, 270), (7, 180), (6, 225), (5, 225), (5, 270), (4, 225), (5, 180), (4, 270), (4, 180), (3, 225), (3, 270), (2, 225), (2, 180), (1, 225), (1, 270), (1, 315), (1, 0), (0, 315), (2, 315), (0, 270), (2, 270), (0, 225), (3, 315), (0, 180), (0, 135), (0, 90), (1, 135), (0, 45), (1, 90), (1, 45), (2, 45)]

Path found using AStar in 15.223 ms!
Flight instructions (15) : [H360, H360, H360, H360, H360, H360, H360, H360, H360, H270, H270, H270, H270, H180, H180]
Path followed (16 states): [(9, 225), (8, 225), (7, 225), (6, 225), (5, 225), (4, 225), (3, 225), (2, 225), (1, 225), (0, 225), (0, 180), (0, 135), (0, 90), (0, 45), (1, 45), (2, 45)]
Solution path cost: 11.0

Current node depth: 15
Nodes created: 136
38 states expanded: [(9, 225), (9, 270), (8, 225), (9, 180), (7, 225), (8, 180), (8, 270), (7, 270), (7, 180), (6, 225), (5, 225), (5, 270), (4, 225), (5, 180), (4, 270), (4, 180), (3, 225), (3, 270), (2, 225), (2, 180), (1, 225), (1, 270), (1, 315), (1, 0), (0, 315), (2, 315), (0, 270), (2, 270), (0, 225), (3, 315), (0, 180), (0, 135), (0, 90), (1, 135), (0, 45), (1, 90), (1, 45), (2, 45)]
