Search type: AStar
Size of world N: 5
Start point: (2, 0)
End point: (2, 135)
Obstacles located at: []

Starting A* Search...
Iteration #1 -------------------------
Current node: (2, 0)
Frontier: [(2, 45) 3.996, (2, 315) 3.996, (1, 0) 3.996, (3, 0) 3.996, ]
Explored States: [(2, 0)]
Iteration #2 -------------------------
Current node: (2, 45)
Frontier: [(3, 0) 3.996, (2, 315) 3.996, (1, 0) 3.996, (2, 90) 4.974, (1, 45) 4.974, (3, 45) 4.974, ]
Explored States: [(2, 0), (2, 45)]
Iteration #3 -------------------------
Current node: (3, 0)
Frontier: [(2, 315) 3.996, (3, 45) 4.974, (1, 0) 3.996, (2, 90) 4.974, (1, 45) 4.974, (3, 315) 5.995, (4, 0) 5.995, ]
Explored States: [(2, 0), (2, 45), (3, 0)]
Iteration #4 -------------------------
Current node: (2, 315)
Frontier: [(1, 0) 3.996, (3, 45) 4.974, (2, 270) 5.147, (2, 90) 4.974, (1, 45) 4.974, (3, 315) 5.995, (1, 315) 5.147, ]
Explored States: [(2, 0), (2, 45), (3, 0), (2, 315)]
Iteration #5 -------------------------
Current node: (1, 0)
Frontier: [(1, 45) 4.974, (1, 315) 5.147, (2, 270) 5.147, (3, 315) 5.995, ]
Explored States: [(2, 0), (2, 45), (3, 0), (2, 315), (1, 0)]
Iteration #6 -------------------------
Current node: (1, 45)
Frontier: [(1, 315) 5.147, (1, 90) 5.177, (2, 270) 5.147, (3, 315) 5.995, (0, 45) 5.177, ]
Explored States: [(2, 0), (2, 45), (3, 0), (2, 315), (1, 0), (1, 45)]
Iteration #7 -------------------------
Current node: (1, 315)
Frontier: [(2, 270) 5.147, (1, 90) 5.177, (0, 45) 5.177, (3, 315) 5.995, (1, 270) 5.29, (0, 315) 5.29, ]
Explored States: [(2, 0), (2, 45), (3, 0), (2, 315), (1, 0), (1, 45), (1, 315)]
Iteration #8 -------------------------
Current node: (2, 270)
Frontier: [(1, 90) 5.177, (0, 315) 5.29, (0, 45) 5.177, (3, 315) 5.995, (1, 270) 5.29, (2, 225) 7.138, (3, 270) 7.138, ]
Explored States: [(2, 0), (2, 45), (3, 0), (2, 315), (1, 0), (1, 45), (1, 315), (2, 270)]
Iteration #9 -------------------------
Current node: (1, 90)
Frontier: [(1, 135) 5.059, (0, 90) 5.059, (0, 45) 5.177, (2, 90) 5.059, (1, 270) 5.29, (2, 225) 7.138, (3, 270) 7.138, (3, 315) 5.995, (0, 315) 5.29, ]
Explored States: [(2, 0), (2, 45), (3, 0), (2, 315), (1, 0), (1, 45), (1, 315), (2, 270), (1, 90)]
Iteration #10 -------------------------
Current node: (1, 135)
Frontier: [(0, 90) 5.059, (2, 90) 5.059, (0, 45) 5.177, (1, 180) 5.142, (0, 135) 5.142, (2, 225) 7.138, (3, 270) 7.138, (3, 315) 5.995, (0, 315) 5.29, (1, 270) 5.29, (2, 135) 5.142, ]
Explored States: [(2, 0), (2, 45), (3, 0), (2, 315), (1, 0), (1, 45), (1, 315), (2, 270), (1, 90), (1, 135)]
Iteration #11 -------------------------
Current node: (0, 90)
Frontier: [(2, 90) 5.059, (2, 135) 5.142, (0, 45) 5.177, (1, 180) 5.142, (0, 135) 5.142, (1, 270) 5.29, (0, 315) 5.29, (3, 315) 5.995, ]
Explored States: [(2, 0), (2, 45), (3, 0), (2, 315), (1, 0), (1, 45), (1, 315), (2, 270), (1, 90), (1, 135), (0, 90)]
Iteration #12 -------------------------
Current node: (2, 90)
Frontier: [(2, 135) 5.142, (1, 180) 5.142, (0, 45) 5.177, (3, 315) 5.995, (0, 135) 5.142, (1, 270) 5.29, (0, 315) 5.29, (3, 90) 6.305, ]
Explored States: [(2, 0), (2, 45), (3, 0), (2, 315), (1, 0), (1, 45), (1, 315), (2, 270), (1, 90), (1, 135), (0, 90), (2, 90)]
Iteration #13 -------------------------
Current node: (2, 135)
Frontier: [(1, 180) 5.142, (0, 135) 5.142, (0, 45) 5.177, (3, 315) 5.995, (3, 90) 6.305, (1, 270) 5.29, (0, 315) 5.29, ]
Explored States: [(2, 0), (2, 45), (3, 0), (2, 315), (1, 0), (1, 45), (1, 315), (2, 270), (1, 90), (1, 135), (0, 90), (2, 90), (2, 135)]

Path found using AStar in 8.07 ms!
Flight instructions (5) : [H90, H360, H90, H90, H180]
Path followed (6 states): [(2, 0), (2, 45), (1, 45), (1, 90), (1, 135), (2, 135)]
Solution path cost: 5.142

Current node depth: 5
Nodes created: 47
13 states expanded: [(2, 0), (2, 45), (3, 0), (2, 315), (1, 0), (1, 45), (1, 315), (2, 270), (1, 90), (1, 135), (0, 90), (2, 90), (2, 135)]
