Search type: AStar
Size of world N: 8
Start point: (1, 135)
End point: (5, 135)
Obstacles located at: []

Starting A* Search...
Iteration #1 -------------------------
Current node: (1, 135)
Frontier: [(1, 180) 4.0, (1, 90) 4.0, (0, 135) 4.0, (2, 135) 4.0, ]
Explored States: [(1, 135)]
Iteration #2 -------------------------
Current node: (1, 180)
Frontier: [(2, 135) 4.0, (1, 90) 4.0, (0, 135) 4.0, (1, 225) 5.34, (0, 180) 5.34, (2, 180) 5.34, ]
Explored States: [(1, 135), (1, 180)]
Iteration #3 -------------------------
Current node: (2, 135)
Frontier: [(1, 90) 4.0, (2, 180) 4.0, (0, 135) 4.0, (1, 225) 5.34, (0, 180) 5.34, (2, 90) 4.0, (3, 135) 4.0, ]
Explored States: [(1, 135), (1, 180), (2, 135)]
Iteration #4 -------------------------
Current node: (1, 90)
Frontier: [(3, 135) 4.0, (2, 180) 4.0, (0, 135) 4.0, (1, 225) 5.34, (0, 180) 5.34, (2, 90) 4.0, (1, 45) 5.34, (0, 90) 5.34, ]
Explored States: [(1, 135), (1, 180), (2, 135), (1, 90)]
Iteration #5 -------------------------
Current node: (3, 135)
Frontier: [(2, 180) 4.0, (3, 180) 4.0, (0, 135) 4.0, (3, 90) 4.0, (4, 135) 4.0, (2, 90) 4.0, (1, 45) 5.34, (1, 225) 5.34, (0, 90) 5.34, (0, 180) 5.34, ]
Explored States: [(1, 135), (1, 180), (2, 135), (1, 90), (3, 135)]
Iteration #6 -------------------------
Current node: (2, 180)
Frontier: [(3, 180) 4.0, (3, 90) 4.0, (0, 135) 4.0, (0, 180) 5.34, (4, 135) 4.0, (2, 90) 4.0, (1, 45) 5.34, (1, 225) 5.34, (0, 90) 5.34, (2, 225) 6.871, ]
Explored States: [(1, 135), (1, 180), (2, 135), (1, 90), (3, 135), (2, 180)]
Iteration #7 -------------------------
Current node: (3, 180)
Frontier: [(3, 90) 4.0, (4, 135) 4.0, (0, 135) 4.0, (0, 180) 5.34, (2, 225) 6.871, (2, 90) 4.0, (1, 45) 5.34, (1, 225) 5.34, (0, 90) 5.34, (3, 225) 8.627, (4, 180) 8.627, ]
Explored States: [(1, 135), (1, 180), (2, 135), (1, 90), (3, 135), (2, 180), (3, 180)]
Iteration #8 -------------------------
Current node: (3, 90)
Frontier: [(4, 135) 4.0, (0, 180) 5.34, (0, 135) 4.0, (1, 225) 5.34, (2, 225) 6.871, (2, 90) 4.0, (1, 45) 5.34, (4, 180) 8.627, (0, 90) 5.34, (3, 225) 8.627, (3, 45) 8.627, (4, 90) 8.627, ]
Explored States: [(1, 135), (1, 180), (2, 135), (1, 90), (3, 135), (2, 180), (3, 180), (3, 90)]
Iteration #9 -------------------------
Current node: (4, 135)
Frontier: [(0, 135) 4.0, (5, 135) 4.0, (2, 90) 4.0, (3, 225) 8.627, (0, 90) 5.34, (4, 90) 8.627, (1, 45) 5.34, (4, 180) 8.627, (3, 45) 8.627, (2, 225) 6.871, ]
Explored States: [(1, 135), (1, 180), (2, 135), (1, 90), (3, 135), (2, 180), (3, 180), (3, 90), (4, 135)]
Iteration #10 -------------------------
Current node: (0, 135)
Frontier: [(5, 135) 4.0, (0, 90) 5.34, (2, 90) 4.0, (0, 180) 6.0, (2, 225) 6.871, (4, 90) 8.627, (1, 45) 5.34, (4, 180) 8.627, (3, 45) 8.627, ]
Explored States: [(1, 135), (1, 180), (2, 135), (1, 90), (3, 135), (2, 180), (3, 180), (3, 90), (4, 135), (0, 135)]
Iteration #11 -------------------------
Current node: (5, 135)
Frontier: [(2, 90) 4.0, (0, 90) 5.34, (1, 45) 5.34, (0, 180) 6.0, (2, 225) 6.871, (4, 90) 8.627, (3, 45) 8.627, (4, 180) 8.627, ]
Explored States: [(1, 135), (1, 180), (2, 135), (1, 90), (3, 135), (2, 180), (3, 180), (3, 90), (4, 135), (0, 135), (5, 135)]

Path found using AStar in 7.489 ms!
Flight instructions (4) : [H180, H180, H180, H180]
Path followed (5 states): [(1, 135), (2, 135), (3, 135), (4, 135), (5, 135)]
Solution path cost: 4.0

Current node depth: 4
Nodes created: 40
11 states expanded: [(1, 135), (1, 180), (2, 135), (1, 90), (3, 135), (2, 180), (3, 180), (3, 90), (4, 135), (0, 135), (5, 135)]
