Search type: BestF
Size of world N: 10
Start point: (7, 270)
End point: (7, 90)
Obstacles located at: []

Starting Best-First Search...
Iteration #1 -------------------------
Current node: (7, 270)
Frontier: [(7, 315) 12.516, (7, 225) 12.516, (6, 270) 12.516, (8, 270) 12.516, ]
Explored States: [(7, 270)]
Iteration #2 -------------------------
Current node: (7, 315)
Frontier: [(7, 0) 7.874, (6, 315) 7.874, (8, 315) 7.874, (7, 225) 12.516, (8, 270) 12.516, (6, 270) 12.516, ]
Explored States: [(7, 270), (7, 315)]
Iteration #3 -------------------------
Current node: (7, 0)
Frontier: [(6, 315) 7.874, (8, 0) 11.913, (8, 315) 7.874, (6, 270) 12.516, (8, 270) 12.516, (7, 45) 11.913, (6, 0) 11.913, (7, 225) 12.516, ]
Explored States: [(7, 270), (7, 315), (7, 0)]
Iteration #4 -------------------------
Current node: (6, 315)
Frontier: [(5, 315) 7.358, (8, 315) 7.874, (7, 45) 11.913, (8, 0) 11.913, (8, 270) 12.516, (7, 225) 12.516, (6, 0) 11.913, (6, 270) 12.516, ]
Explored States: [(7, 270), (7, 315), (7, 0), (6, 315)]
Iteration #5 -------------------------
Current node: (5, 315)
Frontier: [(5, 0) 6.949, (5, 270) 6.949, (7, 45) 11.913, (8, 315) 7.874, (4, 315) 6.949, (7, 225) 12.516, (6, 0) 11.913, (6, 270) 12.516, (8, 0) 11.913, (8, 270) 12.516, ]
Explored States: [(7, 270), (7, 315), (7, 0), (6, 315), (5, 315)]
Iteration #6 -------------------------
Current node: (5, 0)
Frontier: [(5, 270) 6.949, (4, 315) 6.949, (7, 45) 11.913, (8, 315) 7.874, (5, 45) 10.265, (7, 225) 12.516, (6, 0) 11.913, (6, 270) 12.516, (8, 0) 11.913, (8, 270) 12.516, (4, 0) 10.265, ]
Explored States: [(7, 270), (7, 315), (7, 0), (6, 315), (5, 315), (5, 0)]
Iteration #7 -------------------------
Current node: (5, 270)
Frontier: [(4, 315) 6.949, (8, 315) 7.874, (4, 270) 10.765, (4, 0) 10.265, (5, 45) 10.265, (7, 45) 11.913, (6, 0) 11.913, (6, 270) 12.516, (8, 0) 11.913, (8, 270) 12.516, (5, 225) 10.765, (7, 225) 12.516, ]
Explored States: [(7, 270), (7, 315), (7, 0), (6, 315), (5, 315), (5, 0), (5, 270)]
Iteration #8 -------------------------
Current node: (4, 315)
Frontier: [(3, 315) 6.666, (4, 0) 10.265, (8, 315) 7.874, (8, 0) 11.913, (5, 45) 10.265, (4, 270) 10.765, (6, 0) 11.913, (6, 270) 12.516, (7, 225) 12.516, (8, 270) 12.516, (5, 225) 10.765, (7, 45) 11.913, ]
Explored States: [(7, 270), (7, 315), (7, 0), (6, 315), (5, 315), (5, 0), (5, 270), (4, 315)]
Iteration #9 -------------------------
Current node: (3, 315)
Frontier: [(3, 0) 6.525, (4, 0) 10.265, (3, 270) 6.525, (8, 0) 11.913, (5, 45) 10.265, (8, 315) 7.874, (2, 315) 6.525, (6, 270) 12.516, (7, 225) 12.516, (8, 270) 12.516, (5, 225) 10.765, (7, 45) 11.913, (4, 270) 10.765, (6, 0) 11.913, ]
Explored States: [(7, 270), (7, 315), (7, 0), (6, 315), (5, 315), (5, 0), (5, 270), (4, 315), (3, 315)]
Iteration #10 -------------------------
Current node: (3, 0)
Frontier: [(3, 270) 6.525, (4, 0) 10.265, (2, 315) 6.525, (8, 0) 11.913, (5, 45) 10.265, (8, 315) 7.874, (3, 45) 8.765, (6, 270) 12.516, (7, 225) 12.516, (8, 270) 12.516, (5, 225) 10.765, (7, 45) 11.913, (4, 270) 10.765, (6, 0) 11.913, (2, 0) 8.765, ]
Explored States: [(7, 270), (7, 315), (7, 0), (6, 315), (5, 315), (5, 0), (5, 270), (4, 315), (3, 315), (3, 0)]
Iteration #11 -------------------------
Current node: (3, 270)
Frontier: [(2, 315) 6.525, (2, 270) 9.118, (8, 315) 7.874, (4, 0) 10.265, (5, 45) 10.265, (2, 0) 8.765, (3, 45) 8.765, (8, 0) 11.913, (7, 225) 12.516, (8, 270) 12.516, (5, 225) 10.765, (7, 45) 11.913, (4, 270) 10.765, (6, 0) 11.913, (3, 225) 9.118, (6, 270) 12.516, ]
Explored States: [(7, 270), (7, 315), (7, 0), (6, 315), (5, 315), (5, 0), (5, 270), (4, 315), (3, 315), (3, 0), (3, 270)]
Iteration #12 -------------------------
Current node: (2, 315)
Frontier: [(1, 315) 6.536, (8, 315) 7.874, (2, 0) 8.765, (2, 270) 9.118, (5, 45) 10.265, (4, 270) 10.765, (3, 45) 8.765, (4, 0) 10.265, (7, 225) 12.516, (8, 270) 12.516, (5, 225) 10.765, (7, 45) 11.913, (6, 270) 12.516, (6, 0) 11.913, (3, 225) 9.118, (8, 0) 11.913, ]
Explored States: [(7, 270), (7, 315), (7, 0), (6, 315), (5, 315), (5, 0), (5, 270), (4, 315), (3, 315), (3, 0), (3, 270), (2, 315)]
Iteration #13 -------------------------
Current node: (1, 315)
Frontier: [(1, 0) 6.698, (1, 270) 6.698, (2, 0) 8.765, (0, 315) 6.698, (5, 45) 10.265, (4, 270) 10.765, (3, 45) 8.765, (2, 270) 9.118, (8, 315) 7.874, (8, 270) 12.516, (5, 225) 10.765, (7, 45) 11.913, (6, 270) 12.516, (6, 0) 11.913, (3, 225) 9.118, (8, 0) 11.913, (4, 0) 10.265, (7, 225) 12.516, ]
Explored States: [(7, 270), (7, 315), (7, 0), (6, 315), (5, 315), (5, 0), (5, 270), (4, 315), (3, 315), (3, 0), (3, 270), (2, 315), (1, 315)]
Iteration #14 -------------------------
Current node: (1, 0)
Frontier: [(1, 270) 6.698, (0, 315) 6.698, (2, 0) 8.765, (1, 45) 7.502, (5, 45) 10.265, (4, 270) 10.765, (3, 45) 8.765, (2, 270) 9.118, (8, 315) 7.874, (8, 270) 12.516, (5, 225) 10.765, (7, 45) 11.913, (6, 270) 12.516, (6, 0) 11.913, (3, 225) 9.118, (8, 0) 11.913, (4, 0) 10.265, (7, 225) 12.516, ]
Explored States: [(7, 270), (7, 315), (7, 0), (6, 315), (5, 315), (5, 0), (5, 270), (4, 315), (3, 315), (3, 0), (3, 270), (2, 315), (1, 315), (1, 0)]
Iteration #15 -------------------------
Current node: (1, 270)
Frontier: [(0, 315) 6.698, (1, 45) 7.502, (2, 0) 8.765, (1, 225) 7.641, (5, 45) 10.265, (4, 270) 10.765, (3, 45) 8.765, (2, 270) 9.118, (0, 270) 7.641, (8, 270) 12.516, (5, 225) 10.765, (7, 45) 11.913, (6, 270) 12.516, (6, 0) 11.913, (3, 225) 9.118, (8, 0) 11.913, (4, 0) 10.265, (7, 225) 12.516, (8, 315) 7.874, ]
Explored States: [(7, 270), (7, 315), (7, 0), (6, 315), (5, 315), (5, 0), (5, 270), (4, 315), (3, 315), (3, 0), (3, 270), (2, 315), (1, 315), (1, 0), (1, 270)]
Iteration #16 -------------------------
Current node: (0, 315)
Frontier: [(1, 45) 7.502, (1, 225) 7.641, (2, 0) 8.765, (0, 270) 7.641, (5, 45) 10.265, (4, 270) 10.765, (3, 45) 8.765, (2, 270) 9.118, (8, 315) 7.874, (8, 270) 12.516, (5, 225) 10.765, (7, 45) 11.913, (6, 270) 12.516, (6, 0) 11.913, (3, 225) 9.118, (8, 0) 11.913, (4, 0) 10.265, (7, 225) 12.516, ]
Explored States: [(7, 270), (7, 315), (7, 0), (6, 315), (5, 315), (5, 0), (5, 270), (4, 315), (3, 315), (3, 0), (3, 270), (2, 315), (1, 315), (1, 0), (1, 270), (0, 315)]
Iteration #17 -------------------------
Current node: (1, 45)
Frontier: [(1, 90) 6.53, (0, 45) 6.53, (2, 0) 8.765, (1, 225) 7.641, (2, 45) 6.53, (4, 270) 10.765, (3, 45) 8.765, (2, 270) 9.118, (0, 270) 7.641, (5, 45) 10.265, (5, 225) 10.765, (7, 45) 11.913, (6, 270) 12.516, (6, 0) 11.913, (3, 225) 9.118, (8, 0) 11.913, (4, 0) 10.265, (7, 225) 12.516, (8, 315) 7.874, (8, 270) 12.516, ]
Explored States: [(7, 270), (7, 315), (7, 0), (6, 315), (5, 315), (5, 0), (5, 270), (4, 315), (3, 315), (3, 0), (3, 270), (2, 315), (1, 315), (1, 0), (1, 270), (0, 315), (1, 45)]
Iteration #18 -------------------------
Current node: (1, 90)
Frontier: [(1, 135) 6.0, (0, 90) 6.0, (2, 0) 8.765, (1, 225) 7.641, (2, 90) 6.0, (4, 270) 10.765, (3, 45) 8.765, (2, 270) 9.118, (0, 270) 7.641, (2, 45) 6.53, (0, 45) 6.53, (7, 45) 11.913, (6, 270) 12.516, (6, 0) 11.913, (3, 225) 9.118, (8, 0) 11.913, (4, 0) 10.265, (7, 225) 12.516, (8, 315) 7.874, (8, 270) 12.516, (5, 45) 10.265, (5, 225) 10.765, ]
Explored States: [(7, 270), (7, 315), (7, 0), (6, 315), (5, 315), (5, 0), (5, 270), (4, 315), (3, 315), (3, 0), (3, 270), (2, 315), (1, 315), (1, 0), (1, 270), (0, 315), (1, 45), (1, 90)]
Iteration #19 -------------------------
Current node: (1, 135)
Frontier: [(0, 90) 6.0, (2, 90) 6.0, (2, 135) 6.53, (1, 225) 7.641, (2, 45) 6.53, (2, 0) 8.765, (3, 45) 8.765, (2, 270) 9.118, (0, 270) 7.641, (5, 45) 10.265, (0, 45) 6.53, (4, 270) 10.765, (6, 270) 12.516, (6, 0) 11.913, (3, 225) 9.118, (8, 0) 11.913, (4, 0) 10.265, (7, 225) 12.516, (8, 315) 7.874, (8, 270) 12.516, (5, 225) 10.765, (1, 180) 6.53, (0, 135) 6.53, (7, 45) 11.913, ]
Explored States: [(7, 270), (7, 315), (7, 0), (6, 315), (5, 315), (5, 0), (5, 270), (4, 315), (3, 315), (3, 0), (3, 270), (2, 315), (1, 315), (1, 0), (1, 270), (0, 315), (1, 45), (1, 90), (1, 135)]
Iteration #20 -------------------------
Current node: (0, 90)
Frontier: [(2, 90) 6.0, (2, 45) 6.53, (2, 135) 6.53, (1, 225) 7.641, (0, 45) 6.53, (2, 0) 8.765, (3, 45) 8.765, (2, 270) 9.118, (0, 270) 7.641, (5, 45) 10.265, (1, 180) 6.53, (4, 270) 10.765, (6, 270) 12.516, (6, 0) 11.913, (3, 225) 9.118, (8, 0) 11.913, (4, 0) 10.265, (7, 225) 12.516, (8, 315) 7.874, (8, 270) 12.516, (5, 225) 10.765, (7, 45) 11.913, (0, 135) 6.53, ]
Explored States: [(7, 270), (7, 315), (7, 0), (6, 315), (5, 315), (5, 0), (5, 270), (4, 315), (3, 315), (3, 0), (3, 270), (2, 315), (1, 315), (1, 0), (1, 270), (0, 315), (1, 45), (1, 90), (1, 135), (0, 90)]
Iteration #21 -------------------------
Current node: (2, 90)
Frontier: [(3, 90) 5.0, (0, 135) 6.53, (2, 135) 6.53, (1, 225) 7.641, (2, 45) 6.53, (2, 0) 8.765, (3, 45) 8.765, (2, 270) 9.118, (0, 270) 7.641, (5, 45) 10.265, (0, 45) 6.53, (4, 270) 10.765, (6, 270) 12.516, (6, 0) 11.913, (3, 225) 9.118, (8, 0) 11.913, (4, 0) 10.265, (7, 225) 12.516, (8, 315) 7.874, (8, 270) 12.516, (5, 225) 10.765, (7, 45) 11.913, (1, 180) 6.53, ]
Explored States: [(7, 270), (7, 315), (7, 0), (6, 315), (5, 315), (5, 0), (5, 270), (4, 315), (3, 315), (3, 0), (3, 270), (2, 315), (1, 315), (1, 0), (1, 270), (0, 315), (1, 45), (1, 90), (1, 135), (0, 90), (2, 90)]
Iteration #22 -------------------------
Current node: (3, 90)
Frontier: [(3, 135) 4.0, (1, 180) 6.53, (4, 90) 4.0, (1, 225) 7.641, (0, 135) 6.53, (2, 135) 6.53, (3, 45) 8.765, (2, 270) 9.118, (0, 270) 7.641, (5, 45) 10.265, (2, 45) 6.53, (2, 0) 8.765, (6, 270) 12.516, (6, 0) 11.913, (3, 225) 9.118, (8, 0) 11.913, (4, 0) 10.265, (7, 225) 12.516, (8, 315) 7.874, (8, 270) 12.516, (5, 225) 10.765, (7, 45) 11.913, (0, 45) 6.53, (4, 270) 10.765, ]
Explored States: [(7, 270), (7, 315), (7, 0), (6, 315), (5, 315), (5, 0), (5, 270), (4, 315), (3, 315), (3, 0), (3, 270), (2, 315), (1, 315), (1, 0), (1, 270), (0, 315), (1, 45), (1, 90), (1, 135), (0, 90), (2, 90), (3, 90)]
Iteration #23 -------------------------
Current node: (3, 135)
Frontier: [(4, 90) 4.0, (1, 180) 6.53, (3, 180) 5.995, (1, 225) 7.641, (0, 135) 6.53, (4, 135) 5.995, (3, 45) 8.765, (2, 270) 9.118, (0, 270) 7.641, (5, 45) 10.265, (2, 45) 6.53, (2, 135) 6.53, (6, 270) 12.516, (6, 0) 11.913, (3, 225) 9.118, (8, 0) 11.913, (4, 0) 10.265, (7, 225) 12.516, (8, 315) 7.874, (8, 270) 12.516, (5, 225) 10.765, (7, 45) 11.913, (0, 45) 6.53, (4, 270) 10.765, (2, 0) 8.765, ]
Explored States: [(7, 270), (7, 315), (7, 0), (6, 315), (5, 315), (5, 0), (5, 270), (4, 315), (3, 315), (3, 0), (3, 270), (2, 315), (1, 315), (1, 0), (1, 270), (0, 315), (1, 45), (1, 90), (1, 135), (0, 90), (2, 90), (3, 90), (3, 135)]
Iteration #24 -------------------------
Current node: (4, 90)
Frontier: [(4, 45) 3.0, (1, 180) 6.53, (5, 90) 3.0, (1, 225) 7.641, (0, 135) 6.53, (3, 180) 5.995, (3, 45) 8.765, (2, 270) 9.118, (0, 270) 7.641, (5, 45) 10.265, (2, 45) 6.53, (2, 135) 6.53, (4, 135) 5.995, (6, 0) 11.913, (3, 225) 9.118, (8, 0) 11.913, (4, 0) 10.265, (7, 225) 12.516, (8, 315) 7.874, (8, 270) 12.516, (5, 225) 10.765, (7, 45) 11.913, (0, 45) 6.53, (4, 270) 10.765, (2, 0) 8.765, (6, 270) 12.516, ]
Explored States: [(7, 270), (7, 315), (7, 0), (6, 315), (5, 315), (5, 0), (5, 270), (4, 315), (3, 315), (3, 0), (3, 270), (2, 315), (1, 315), (1, 0), (1, 270), (0, 315), (1, 45), (1, 90), (1, 135), (0, 90), (2, 90), (3, 90), (3, 135), (4, 90)]
Iteration #25 -------------------------
Current node: (4, 45)
Frontier: [(5, 90) 3.0, (1, 180) 6.53, (3, 180) 5.995, (1, 225) 7.641, (0, 135) 6.53, (4, 135) 5.995, (3, 45) 8.765, (2, 270) 9.118, (0, 270) 7.641, (5, 45) 10.265, (2, 45) 6.53, (2, 135) 6.53, (6, 270) 12.516, (6, 0) 11.913, (3, 225) 9.118, (8, 0) 11.913, (4, 0) 10.265, (7, 225) 12.516, (8, 315) 7.874, (8, 270) 12.516, (5, 225) 10.765, (7, 45) 11.913, (0, 45) 6.53, (4, 270) 10.765, (2, 0) 8.765, ]
Explored States: [(7, 270), (7, 315), (7, 0), (6, 315), (5, 315), (5, 0), (5, 270), (4, 315), (3, 315), (3, 0), (3, 270), (2, 315), (1, 315), (1, 0), (1, 270), (0, 315), (1, 45), (1, 90), (1, 135), (0, 90), (2, 90), (3, 90), (3, 135), (4, 90), (4, 45)]
Iteration #26 -------------------------
Current node: (5, 90)
Frontier: [(5, 135) 2.0, (1, 180) 6.53, (6, 90) 2.0, (1, 225) 7.641, (0, 135) 6.53, (3, 180) 5.995, (3, 45) 8.765, (2, 270) 9.118, (0, 270) 7.641, (5, 45) 10.265, (2, 45) 6.53, (2, 135) 6.53, (4, 135) 5.995, (6, 0) 11.913, (3, 225) 9.118, (8, 0) 11.913, (4, 0) 10.265, (7, 225) 12.516, (8, 315) 7.874, (8, 270) 12.516, (5, 225) 10.765, (7, 45) 11.913, (0, 45) 6.53, (4, 270) 10.765, (2, 0) 8.765, (6, 270) 12.516, ]
Explored States: [(7, 270), (7, 315), (7, 0), (6, 315), (5, 315), (5, 0), (5, 270), (4, 315), (3, 315), (3, 0), (3, 270), (2, 315), (1, 315), (1, 0), (1, 270), (0, 315), (1, 45), (1, 90), (1, 135), (0, 90), (2, 90), (3, 90), (3, 135), (4, 90), (4, 45), (5, 90)]
Iteration #27 -------------------------
Current node: (5, 135)
Frontier: [(6, 90) 2.0, (1, 180) 6.53, (3, 180) 5.995, (1, 225) 7.641, (0, 135) 6.53, (4, 135) 5.995, (3, 45) 8.765, (2, 270) 9.118, (0, 270) 7.641, (5, 45) 10.265, (2, 45) 6.53, (2, 135) 6.53, (5, 180) 6.101, (6, 0) 11.913, (3, 225) 9.118, (8, 0) 11.913, (4, 0) 10.265, (7, 225) 12.516, (8, 315) 7.874, (8, 270) 12.516, (5, 225) 10.765, (7, 45) 11.913, (0, 45) 6.53, (4, 270) 10.765, (2, 0) 8.765, (6, 270) 12.516, (6, 135) 6.101, ]
Explored States: [(7, 270), (7, 315), (7, 0), (6, 315), (5, 315), (5, 0), (5, 270), (4, 315), (3, 315), (3, 0), (3, 270), (2, 315), (1, 315), (1, 0), (1, 270), (0, 315), (1, 45), (1, 90), (1, 135), (0, 90), (2, 90), (3, 90), (3, 135), (4, 90), (4, 45), (5, 90), (5, 135)]
Iteration #28 -------------------------
Current node: (6, 90)
Frontier: [(6, 45) 1.0, (1, 180) 6.53, (7, 90) 1.0, (1, 225) 7.641, (0, 135) 6.53, (4, 135) 5.995, (3, 180) 5.995, (2, 270) 9.118, (0, 270) 7.641, (5, 45) 10.265, (2, 45) 6.53, (2, 135) 6.53, (6, 135) 6.101, (3, 45) 8.765, (3, 225) 9.118, (8, 0) 11.913, (4, 0) 10.265, (7, 225) 12.516, (8, 315) 7.874, (8, 270) 12.516, (5, 225) 10.765, (7, 45) 11.913, (0, 45) 6.53, (4, 270) 10.765, (2, 0) 8.765, (6, 270) 12.516, (5, 180) 6.101, (6, 0) 11.913, ]
Explored States: [(7, 270), (7, 315), (7, 0), (6, 315), (5, 315), (5, 0), (5, 270), (4, 315), (3, 315), (3, 0), (3, 270), (2, 315), (1, 315), (1, 0), (1, 270), (0, 315), (1, 45), (1, 90), (1, 135), (0, 90), (2, 90), (3, 90), (3, 135), (4, 90), (4, 45), (5, 90), (5, 135), (6, 90)]
Iteration #29 -------------------------
Current node: (6, 45)
Frontier: [(7, 90) 1.0, (1, 180) 6.53, (4, 135) 5.995, (1, 225) 7.641, (0, 135) 6.53, (6, 135) 6.101, (3, 180) 5.995, (2, 270) 9.118, (0, 270) 7.641, (5, 45) 10.265, (2, 45) 6.53, (2, 135) 6.53, (5, 180) 6.101, (3, 45) 8.765, (3, 225) 9.118, (8, 0) 11.913, (4, 0) 10.265, (7, 225) 12.516, (8, 315) 7.874, (8, 270) 12.516, (5, 225) 10.765, (7, 45) 11.913, (0, 45) 6.53, (4, 270) 10.765, (2, 0) 8.765, (6, 270) 12.516, (6, 0) 11.913, ]
Explored States: [(7, 270), (7, 315), (7, 0), (6, 315), (5, 315), (5, 0), (5, 270), (4, 315), (3, 315), (3, 0), (3, 270), (2, 315), (1, 315), (1, 0), (1, 270), (0, 315), (1, 45), (1, 90), (1, 135), (0, 90), (2, 90), (3, 90), (3, 135), (4, 90), (4, 45), (5, 90), (5, 135), (6, 90), (6, 45)]
Iteration #30 -------------------------
Current node: (7, 90)
Frontier: [(4, 135) 5.995, (1, 180) 6.53, (3, 180) 5.995, (1, 225) 7.641, (0, 135) 6.53, (6, 135) 6.101, (3, 45) 8.765, (2, 270) 9.118, (0, 270) 7.641, (5, 45) 10.265, (2, 45) 6.53, (2, 135) 6.53, (5, 180) 6.101, (6, 0) 11.913, (3, 225) 9.118, (8, 0) 11.913, (4, 0) 10.265, (7, 225) 12.516, (8, 315) 7.874, (8, 270) 12.516, (5, 225) 10.765, (7, 45) 11.913, (0, 45) 6.53, (4, 270) 10.765, (2, 0) 8.765, (6, 270) 12.516, ]
Explored States: [(7, 270), (7, 315), (7, 0), (6, 315), (5, 315), (5, 0), (5, 270), (4, 315), (3, 315), (3, 0), (3, 270), (2, 315), (1, 315), (1, 0), (1, 270), (0, 315), (1, 45), (1, 90), (1, 135), (0, 90), (2, 90), (3, 90), (3, 135), (4, 90), (4, 45), (5, 90), (5, 135), (6, 90), (6, 45), (7, 90)]

Path found using BestF in 19.296 ms!
Flight instructions (16) : [H90, H360, H360, H360, H360, H360, H360, H90, H90, H90, H180, H180, H180, H180, H180, H180]
Path followed (17 states): [(7, 270), (7, 315), (6, 315), (5, 315), (4, 315), (3, 315), (2, 315), (1, 315), (1, 0), (1, 45), (1, 90), (2, 90), (3, 90), (4, 90), (5, 90), (6, 90), (7, 90)]
Solution path cost: 19.854

Current node depth: 16
Nodes created: 56
30 states expanded: [(7, 270), (7, 315), (7, 0), (6, 315), (5, 315), (5, 0), (5, 270), (4, 315), (3, 315), (3, 0), (3, 270), (2, 315), (1, 315), (1, 0), (1, 270), (0, 315), (1, 45), (1, 90), (1, 135), (0, 90), (2, 90), (3, 90), (3, 135), (4, 90), (4, 45), (5, 90), (5, 135), (6, 90), (6, 45), (7, 90)]
