Search type: BestF
Size of world N: 5
Start point: (1, 180)
End point: (4, 180)
Obstacles located at: []

Starting Best-First Search...
Iteration #1 -------------------------
Current node: (1, 180)
Frontier: [(1, 225) 3.0, (1, 135) 3.0, (0, 180) 3.0, (2, 180) 3.0, ]
Explored States: [(1, 180)]
Iteration #2 -------------------------
Current node: (1, 225)
Frontier: [(2, 180) 3.0, (1, 135) 3.0, (0, 180) 3.0, (1, 270) 3.577, (0, 225) 3.577, (2, 225) 3.577, ]
Explored States: [(1, 180), (1, 225)]
Iteration #3 -------------------------
Current node: (2, 180)
Frontier: [(2, 135) 2.0, (2, 225) 3.577, (3, 180) 2.0, (1, 270) 3.577, (0, 225) 3.577, (0, 180) 3.0, (1, 135) 3.0, ]
Explored States: [(1, 180), (1, 225), (2, 180)]
Iteration #4 -------------------------
Current node: (2, 135)
Frontier: [(3, 180) 2.0, (3, 135) 3.405, (1, 135) 3.0, (2, 225) 3.577, (0, 225) 3.577, (0, 180) 3.0, (2, 90) 3.405, (1, 270) 3.577, ]
Explored States: [(1, 180), (1, 225), (2, 180), (2, 135)]
Iteration #5 -------------------------
Current node: (3, 180)
Frontier: [(3, 225) 1.0, (4, 180) 1.0, (0, 180) 3.0, (1, 135) 3.0, (0, 225) 3.577, (1, 270) 3.577, (2, 90) 3.405, (2, 225) 3.577, (3, 135) 3.405, ]
Explored States: [(1, 180), (1, 225), (2, 180), (2, 135), (3, 180)]
Iteration #6 -------------------------
Current node: (3, 225)
Frontier: [(4, 180) 1.0, (1, 135) 3.0, (0, 180) 3.0, (3, 135) 3.405, (4, 225) 3.52, (1, 270) 3.577, (2, 90) 3.405, (2, 225) 3.577, (3, 270) 3.52, (0, 225) 3.577, ]
Explored States: [(1, 180), (1, 225), (2, 180), (2, 135), (3, 180), (3, 225)]
Iteration #7 -------------------------
Current node: (4, 180)
Frontier: [(1, 135) 3.0, (3, 135) 3.405, (0, 180) 3.0, (3, 270) 3.52, (4, 225) 3.52, (1, 270) 3.577, (2, 90) 3.405, (2, 225) 3.577, (0, 225) 3.577, ]
Explored States: [(1, 180), (1, 225), (2, 180), (2, 135), (3, 180), (3, 225), (4, 180)]

Path found using BestF in 5.975 ms!
Flight instructions (3) : [H180, H180, H180]
Path followed (4 states): [(1, 180), (2, 180), (3, 180), (4, 180)]
Solution path cost: 3.0

Current node depth: 3
Nodes created: 16
7 states expanded: [(1, 180), (1, 225), (2, 180), (2, 135), (3, 180), (3, 225), (4, 180)]
