Search type: BestF
Size of world N: 8
Start point: (1, 135)
End point: (5, 135)
Obstacles located at: []

Starting Best-First Search...
Iteration #1 -------------------------
Current node: (1, 135)
Frontier: [(1, 180) 4.0, (1, 90) 4.0, (0, 135) 4.0, (2, 135) 4.0, ]
Explored States: [(1, 135)]
Iteration #2 -------------------------
Current node: (1, 180)
Frontier: [(2, 135) 4.0, (1, 90) 4.0, (0, 135) 4.0, (1, 225) 4.555, (0, 180) 4.555, (2, 180) 4.555, ]
Explored States: [(1, 135), (1, 180)]
Iteration #3 -------------------------
Current node: (2, 135)
Frontier: [(2, 90) 3.0, (2, 180) 4.555, (3, 135) 3.0, (1, 225) 4.555, (0, 180) 4.555, (0, 135) 4.0, (1, 90) 4.0, ]
Explored States: [(1, 135), (1, 180), (2, 135)]
Iteration #4 -------------------------
Current node: (2, 90)
Frontier: [(3, 135) 3.0, (3, 90) 4.3, (1, 90) 4.0, (2, 180) 4.555, (0, 180) 4.555, (0, 135) 4.0, (2, 45) 4.3, (1, 225) 4.555, ]
Explored States: [(1, 135), (1, 180), (2, 135), (2, 90)]
Iteration #5 -------------------------
Current node: (3, 135)
Frontier: [(3, 180) 2.0, (4, 135) 2.0, (0, 135) 4.0, (1, 90) 4.0, (0, 180) 4.555, (1, 225) 4.555, (2, 45) 4.3, (2, 180) 4.555, (3, 90) 4.3, ]
Explored States: [(1, 135), (1, 180), (2, 135), (2, 90), (3, 135)]
Iteration #6 -------------------------
Current node: (3, 180)
Frontier: [(4, 135) 2.0, (1, 90) 4.0, (0, 135) 4.0, (3, 225) 4.271, (4, 180) 4.271, (1, 225) 4.555, (2, 45) 4.3, (2, 180) 4.555, (3, 90) 4.3, (0, 180) 4.555, ]
Explored States: [(1, 135), (1, 180), (2, 135), (2, 90), (3, 135), (3, 180)]
Iteration #7 -------------------------
Current node: (4, 135)
Frontier: [(4, 90) 1.0, (5, 135) 1.0, (0, 135) 4.0, (3, 90) 4.3, (1, 90) 4.0, (1, 225) 4.555, (2, 45) 4.3, (2, 180) 4.555, (0, 180) 4.555, (4, 180) 4.271, (3, 225) 4.271, ]
Explored States: [(1, 135), (1, 180), (2, 135), (2, 90), (3, 135), (3, 180), (4, 135)]
Iteration #8 -------------------------
Current node: (4, 90)
Frontier: [(5, 135) 1.0, (1, 90) 4.0, (0, 135) 4.0, (3, 90) 4.3, (3, 225) 4.271, (5, 90) 4.471, (2, 45) 4.3, (2, 180) 4.555, (0, 180) 4.555, (4, 180) 4.271, (4, 45) 4.471, (1, 225) 4.555, ]
Explored States: [(1, 135), (1, 180), (2, 135), (2, 90), (3, 135), (3, 180), (4, 135), (4, 90)]
Iteration #9 -------------------------
Current node: (5, 135)
Frontier: [(1, 90) 4.0, (3, 225) 4.271, (0, 135) 4.0, (3, 90) 4.3, (4, 180) 4.271, (5, 90) 4.471, (2, 45) 4.3, (2, 180) 4.555, (0, 180) 4.555, (1, 225) 4.555, (4, 45) 4.471, ]
Explored States: [(1, 135), (1, 180), (2, 135), (2, 90), (3, 135), (3, 180), (4, 135), (4, 90), (5, 135)]

Path found using BestF in 7.257 ms!
Flight instructions (4) : [H180, H180, H180, H180]
Path followed (5 states): [(1, 135), (2, 135), (3, 135), (4, 135), (5, 135)]
Solution path cost: 4.0

Current node depth: 4
Nodes created: 20
9 states expanded: [(1, 135), (1, 180), (2, 135), (2, 90), (3, 135), (3, 180), (4, 135), (4, 90), (5, 135)]
