Search type: BestF
Size of world N: 10
Start point: (9, 225)
End point: (2, 45)
Obstacles located at: []

Starting Best-First Search...
Iteration #1 -------------------------
Current node: (9, 225)
Frontier: [(9, 270) 10.322, (9, 180) 10.322, (8, 225) 10.322, ]
Explored States: [(9, 225)]
Iteration #2 -------------------------
Current node: (9, 270)
Frontier: [(9, 315) 8.472, (8, 270) 8.472, (8, 225) 10.322, (9, 180) 10.322, ]
Explored States: [(9, 225), (9, 270)]
Iteration #3 -------------------------
Current node: (9, 315)
Frontier: [(9, 0) 7.04, (8, 315) 7.04, (8, 225) 10.322, (9, 180) 10.322, (8, 270) 8.472, ]
Explored States: [(9, 225), (9, 270), (9, 315)]
Iteration #4 -------------------------
Current node: (9, 0)
Frontier: [(8, 315) 7.04, (9, 45) 8.129, (8, 0) 8.129, (9, 180) 10.322, (8, 270) 8.472, (8, 225) 10.322, ]
Explored States: [(9, 225), (9, 270), (9, 315), (9, 0)]
Iteration #5 -------------------------
Current node: (8, 315)
Frontier: [(7, 315) 6.042, (8, 270) 8.472, (9, 45) 8.129, (9, 180) 10.322, (8, 225) 10.322, (8, 0) 8.129, ]
Explored States: [(9, 225), (9, 270), (9, 315), (9, 0), (8, 315)]
Iteration #6 -------------------------
Current node: (7, 315)
Frontier: [(7, 0) 5.044, (6, 315) 5.044, (7, 270) 5.044, (8, 270) 8.472, (8, 225) 10.322, (9, 45) 8.129, (8, 0) 8.129, (9, 180) 10.322, ]
Explored States: [(9, 225), (9, 270), (9, 315), (9, 0), (8, 315), (7, 315)]
Iteration #7 -------------------------
Current node: (7, 0)
Frontier: [(6, 315) 5.044, (7, 45) 6.188, (7, 270) 5.044, (6, 0) 6.188, (8, 225) 10.322, (9, 45) 8.129, (8, 0) 8.129, (9, 180) 10.322, (8, 270) 8.472, ]
Explored States: [(9, 225), (9, 270), (9, 315), (9, 0), (8, 315), (7, 315), (7, 0)]
Iteration #8 -------------------------
Current node: (6, 315)
Frontier: [(6, 270) 4.047, (5, 315) 4.047, (9, 45) 8.129, (7, 45) 6.188, (7, 270) 5.044, (8, 270) 8.472, (8, 0) 8.129, (9, 180) 10.322, (6, 0) 6.188, (8, 225) 10.322, ]
Explored States: [(9, 225), (9, 270), (9, 315), (9, 0), (8, 315), (7, 315), (7, 0), (6, 315)]
Iteration #9 -------------------------
Current node: (6, 270)
Frontier: [(5, 315) 4.047, (7, 270) 5.044, (9, 45) 8.129, (7, 45) 6.188, (6, 225) 5.584, (8, 270) 8.472, (8, 0) 8.129, (9, 180) 10.322, (6, 0) 6.188, (8, 225) 10.322, (5, 270) 5.584, ]
Explored States: [(9, 225), (9, 270), (9, 315), (9, 0), (8, 315), (7, 315), (7, 0), (6, 315), (6, 270)]
Iteration #10 -------------------------
Current node: (5, 315)
Frontier: [(5, 0) 3.052, (7, 270) 5.044, (4, 315) 3.052, (7, 45) 6.188, (5, 270) 5.584, (9, 45) 8.129, (8, 0) 8.129, (9, 180) 10.322, (6, 0) 6.188, (8, 225) 10.322, (6, 225) 5.584, (8, 270) 8.472, ]
Explored States: [(9, 225), (9, 270), (9, 315), (9, 0), (8, 315), (7, 315), (7, 0), (6, 315), (6, 270), (5, 315)]
Iteration #11 -------------------------
Current node: (5, 0)
Frontier: [(4, 315) 3.052, (7, 270) 5.044, (5, 45) 4.3, (7, 45) 6.188, (5, 270) 5.584, (4, 0) 4.3, (8, 0) 8.129, (9, 180) 10.322, (6, 0) 6.188, (8, 225) 10.322, (6, 225) 5.584, (8, 270) 8.472, (9, 45) 8.129, ]
Explored States: [(9, 225), (9, 270), (9, 315), (9, 0), (8, 315), (7, 315), (7, 0), (6, 315), (6, 270), (5, 315), (5, 0)]
Iteration #12 -------------------------
Current node: (4, 315)
Frontier: [(4, 270) 2.062, (7, 270) 5.044, (3, 315) 2.062, (7, 45) 6.188, (5, 270) 5.584, (4, 0) 4.3, (5, 45) 4.3, (9, 180) 10.322, (6, 0) 6.188, (8, 225) 10.322, (6, 225) 5.584, (8, 270) 8.472, (9, 45) 8.129, (8, 0) 8.129, ]
Explored States: [(9, 225), (9, 270), (9, 315), (9, 0), (8, 315), (7, 315), (7, 0), (6, 315), (6, 270), (5, 315), (5, 0), (4, 315)]
Iteration #13 -------------------------
Current node: (4, 270)
Frontier: [(3, 315) 2.062, (7, 270) 5.044, (4, 225) 3.758, (7, 45) 6.188, (5, 270) 5.584, (8, 0) 8.129, (3, 270) 3.758, (9, 180) 10.322, (6, 0) 6.188, (8, 225) 10.322, (6, 225) 5.584, (8, 270) 8.472, (9, 45) 8.129, (5, 45) 4.3, (4, 0) 4.3, ]
Explored States: [(9, 225), (9, 270), (9, 315), (9, 0), (8, 315), (7, 315), (7, 0), (6, 315), (6, 270), (5, 315), (5, 0), (4, 315), (4, 270)]
Iteration #14 -------------------------
Current node: (3, 315)
Frontier: [(3, 0) 1.09, (2, 315) 1.09, (4, 225) 3.758, (7, 270) 5.044, (5, 270) 5.584, (8, 0) 8.129, (3, 270) 3.758, (7, 45) 6.188, (6, 0) 6.188, (8, 225) 10.322, (6, 225) 5.584, (8, 270) 8.472, (9, 45) 8.129, (5, 45) 4.3, (4, 0) 4.3, (9, 180) 10.322, ]
Explored States: [(9, 225), (9, 270), (9, 315), (9, 0), (8, 315), (7, 315), (7, 0), (6, 315), (6, 270), (5, 315), (5, 0), (4, 315), (4, 270), (3, 315)]
Iteration #15 -------------------------
Current node: (3, 0)
Frontier: [(2, 315) 1.09, (3, 45) 2.588, (4, 225) 3.758, (2, 0) 2.588, (5, 270) 5.584, (8, 0) 8.129, (3, 270) 3.758, (7, 270) 5.044, (6, 0) 6.188, (8, 225) 10.322, (6, 225) 5.584, (8, 270) 8.472, (9, 45) 8.129, (5, 45) 4.3, (4, 0) 4.3, (9, 180) 10.322, (7, 45) 6.188, ]
Explored States: [(9, 225), (9, 270), (9, 315), (9, 0), (8, 315), (7, 315), (7, 0), (6, 315), (6, 270), (5, 315), (5, 0), (4, 315), (4, 270), (3, 315), (3, 0)]
Iteration #16 -------------------------
Current node: (2, 315)
Frontier: [(2, 270) 0.353, (1, 315) 0.353, (4, 225) 3.758, (3, 45) 2.588, (5, 270) 5.584, (8, 0) 8.129, (3, 270) 3.758, (7, 270) 5.044, (2, 0) 2.588, (8, 225) 10.322, (6, 225) 5.584, (8, 270) 8.472, (9, 45) 8.129, (5, 45) 4.3, (4, 0) 4.3, (9, 180) 10.322, (7, 45) 6.188, (6, 0) 6.188, ]
Explored States: [(9, 225), (9, 270), (9, 315), (9, 0), (8, 315), (7, 315), (7, 0), (6, 315), (6, 270), (5, 315), (5, 0), (4, 315), (4, 270), (3, 315), (3, 0), (2, 315)]
Iteration #17 -------------------------
Current node: (2, 270)
Frontier: [(1, 315) 0.353, (2, 225) 2.25, (4, 225) 3.758, (1, 270) 2.25, (5, 270) 5.584, (8, 0) 8.129, (3, 270) 3.758, (7, 270) 5.044, (3, 45) 2.588, (8, 225) 10.322, (6, 225) 5.584, (8, 270) 8.472, (9, 45) 8.129, (5, 45) 4.3, (4, 0) 4.3, (9, 180) 10.322, (7, 45) 6.188, (6, 0) 6.188, (2, 0) 2.588, ]
Explored States: [(9, 225), (9, 270), (9, 315), (9, 0), (8, 315), (7, 315), (7, 0), (6, 315), (6, 270), (5, 315), (5, 0), (4, 315), (4, 270), (3, 315), (3, 0), (2, 315), (2, 270)]
Iteration #18 -------------------------
Current node: (1, 315)
Frontier: [(1, 0) 1.031, (0, 315) 1.031, (4, 225) 3.758, (1, 270) 2.25, (2, 225) 2.25, (8, 0) 8.129, (3, 270) 3.758, (7, 270) 5.044, (2, 0) 2.588, (5, 270) 5.584, (6, 225) 5.584, (8, 270) 8.472, (9, 45) 8.129, (5, 45) 4.3, (4, 0) 4.3, (9, 180) 10.322, (7, 45) 6.188, (6, 0) 6.188, (3, 45) 2.588, (8, 225) 10.322, ]
Explored States: [(9, 225), (9, 270), (9, 315), (9, 0), (8, 315), (7, 315), (7, 0), (6, 315), (6, 270), (5, 315), (5, 0), (4, 315), (4, 270), (3, 315), (3, 0), (2, 315), (2, 270), (1, 315)]
Iteration #19 -------------------------
Current node: (1, 0)
Frontier: [(0, 315) 1.031, (1, 45) 1.703, (4, 225) 3.758, (2, 0) 2.588, (1, 270) 2.25, (8, 0) 8.129, (3, 270) 3.758, (7, 270) 5.044, (3, 45) 2.588, (2, 225) 2.25, (6, 225) 5.584, (8, 270) 8.472, (9, 45) 8.129, (5, 45) 4.3, (4, 0) 4.3, (9, 180) 10.322, (7, 45) 6.188, (6, 0) 6.188, (8, 225) 10.322, (5, 270) 5.584, ]
Explored States: [(9, 225), (9, 270), (9, 315), (9, 0), (8, 315), (7, 315), (7, 0), (6, 315), (6, 270), (5, 315), (5, 0), (4, 315), (4, 270), (3, 315), (3, 0), (2, 315), (2, 270), (1, 315), (1, 0)]
Iteration #20 -------------------------
Current node: (0, 315)
Frontier: [(1, 45) 1.703, (0, 270) 2.0, (4, 225) 3.758, (2, 0) 2.588, (1, 270) 2.25, (8, 0) 8.129, (3, 270) 3.758, (7, 270) 5.044, (3, 45) 2.588, (2, 225) 2.25, (6, 225) 5.584, (8, 270) 8.472, (9, 45) 8.129, (5, 45) 4.3, (4, 0) 4.3, (9, 180) 10.322, (7, 45) 6.188, (6, 0) 6.188, (8, 225) 10.322, (5, 270) 5.584, ]
Explored States: [(9, 225), (9, 270), (9, 315), (9, 0), (8, 315), (7, 315), (7, 0), (6, 315), (6, 270), (5, 315), (5, 0), (4, 315), (4, 270), (3, 315), (3, 0), (2, 315), (2, 270), (1, 315), (1, 0), (0, 315)]
Iteration #21 -------------------------
Current node: (1, 45)
Frontier: [(1, 90) 1.0, (0, 45) 1.0, (4, 225) 3.758, (2, 0) 2.588, (2, 45) 1.0, (8, 0) 8.129, (3, 270) 3.758, (7, 270) 5.044, (3, 45) 2.588, (1, 270) 2.25, (0, 270) 2.0, (8, 270) 8.472, (9, 45) 8.129, (5, 45) 4.3, (4, 0) 4.3, (9, 180) 10.322, (7, 45) 6.188, (6, 0) 6.188, (8, 225) 10.322, (5, 270) 5.584, (2, 225) 2.25, (6, 225) 5.584, ]
Explored States: [(9, 225), (9, 270), (9, 315), (9, 0), (8, 315), (7, 315), (7, 0), (6, 315), (6, 270), (5, 315), (5, 0), (4, 315), (4, 270), (3, 315), (3, 0), (2, 315), (2, 270), (1, 315), (1, 0), (0, 315), (1, 45)]
Iteration #22 -------------------------
Current node: (1, 90)
Frontier: [(0, 45) 1.0, (2, 45) 1.0, (2, 90) 1.703, (2, 0) 2.588, (1, 135) 1.703, (4, 225) 3.758, (3, 270) 3.758, (7, 270) 5.044, (3, 45) 2.588, (1, 270) 2.25, (0, 90) 1.703, (8, 0) 8.129, (9, 45) 8.129, (5, 45) 4.3, (4, 0) 4.3, (9, 180) 10.322, (7, 45) 6.188, (6, 0) 6.188, (8, 225) 10.322, (5, 270) 5.584, (2, 225) 2.25, (6, 225) 5.584, (0, 270) 2.0, (8, 270) 8.472, ]
Explored States: [(9, 225), (9, 270), (9, 315), (9, 0), (8, 315), (7, 315), (7, 0), (6, 315), (6, 270), (5, 315), (5, 0), (4, 315), (4, 270), (3, 315), (3, 0), (2, 315), (2, 270), (1, 315), (1, 0), (0, 315), (1, 45), (1, 90)]
Iteration #23 -------------------------
Current node: (0, 45)
Frontier: [(2, 45) 1.0, (1, 135) 1.703, (2, 90) 1.703, (2, 0) 2.588, (0, 90) 1.703, (4, 225) 3.758, (3, 270) 3.758, (7, 270) 5.044, (3, 45) 2.588, (1, 270) 2.25, (0, 270) 2.0, (8, 0) 8.129, (9, 45) 8.129, (5, 45) 4.3, (4, 0) 4.3, (9, 180) 10.322, (7, 45) 6.188, (6, 0) 6.188, (8, 225) 10.322, (5, 270) 5.584, (2, 225) 2.25, (6, 225) 5.584, (8, 270) 8.472, ]
Explored States: [(9, 225), (9, 270), (9, 315), (9, 0), (8, 315), (7, 315), (7, 0), (6, 315), (6, 270), (5, 315), (5, 0), (4, 315), (4, 270), (3, 315), (3, 0), (2, 315), (2, 270), (1, 315), (1, 0), (0, 315), (1, 45), (1, 90), (0, 45)]
Iteration #24 -------------------------
Current node: (2, 45)
Frontier: [(1, 135) 1.703, (0, 90) 1.703, (2, 90) 1.703, (2, 0) 2.588, (0, 270) 2.0, (4, 225) 3.758, (3, 270) 3.758, (7, 270) 5.044, (3, 45) 2.588, (1, 270) 2.25, (6, 225) 5.584, (8, 0) 8.129, (9, 45) 8.129, (5, 45) 4.3, (4, 0) 4.3, (9, 180) 10.322, (7, 45) 6.188, (6, 0) 6.188, (8, 225) 10.322, (5, 270) 5.584, (2, 225) 2.25, (8, 270) 8.472, ]
Explored States: [(9, 225), (9, 270), (9, 315), (9, 0), (8, 315), (7, 315), (7, 0), (6, 315), (6, 270), (5, 315), (5, 0), (4, 315), (4, 270), (3, 315), (3, 0), (2, 315), (2, 270), (1, 315), (1, 0), (0, 315), (1, 45), (1, 90), (0, 45), (2, 45)]

Path found using BestF in 14.814 ms!
Flight instructions (13) : [H90, H90, H360, H360, H360, H360, H360, H360, H360, H360, H90, H90, H180]
Path followed (14 states): [(9, 225), (9, 270), (9, 315), (8, 315), (7, 315), (6, 315), (5, 315), (4, 315), (3, 315), (2, 315), (1, 315), (1, 0), (1, 45), (2, 45)]
Solution path cost: 24.708

Current node depth: 13
Nodes created: 46
24 states expanded: [(9, 225), (9, 270), (9, 315), (9, 0), (8, 315), (7, 315), (7, 0), (6, 315), (6, 270), (5, 315), (5, 0), (4, 315), (4, 270), (3, 315), (3, 0), (2, 315), (2, 270), (1, 315), (1, 0), (0, 315), (1, 45), (1, 90), (0, 45), (2, 45)]
