Search type: BestF
Size of world N: 10
Start point: (2, 45)
End point: (9, 225)
Obstacles located at: []

Starting Best-First Search...
Iteration #1 -------------------------
Current node: (2, 45)
Frontier: [(2, 90) 10.322, (2, 0) 10.322, (1, 45) 10.322, (3, 45) 10.322, ]
Explored States: [(2, 45)]
Iteration #2 -------------------------
Current node: (2, 90)
Frontier: [(3, 45) 10.322, (2, 0) 10.322, (1, 45) 10.322, (2, 135) 10.994, (1, 90) 10.994, (3, 90) 10.994, ]
Explored States: [(2, 45), (2, 90)]
Iteration #3 -------------------------
Current node: (3, 45)
Frontier: [(2, 0) 10.322, (3, 90) 10.994, (1, 45) 10.322, (2, 135) 10.994, (1, 90) 10.994, (3, 0) 11.06, (4, 45) 11.06, ]
Explored States: [(2, 45), (2, 90), (3, 45)]
Iteration #4 -------------------------
Current node: (2, 0)
Frontier: [(2, 315) 8.472, (1, 0) 8.472, (1, 45) 10.322, (3, 90) 10.994, (1, 90) 10.994, (3, 0) 11.06, (4, 45) 11.06, (2, 135) 10.994, ]
Explored States: [(2, 45), (2, 90), (3, 45), (2, 0)]
Iteration #5 -------------------------
Current node: (2, 315)
Frontier: [(1, 0) 8.472, (2, 270) 10.056, (1, 45) 10.322, (1, 315) 10.056, (3, 315) 10.056, (3, 0) 11.06, (4, 45) 11.06, (3, 90) 10.994, (2, 135) 10.994, (1, 90) 10.994, ]
Explored States: [(2, 45), (2, 90), (3, 45), (2, 0), (2, 315)]
Iteration #6 -------------------------
Current node: (1, 0)
Frontier: [(2, 270) 10.056, (1, 315) 10.056, (1, 45) 10.322, (1, 90) 10.994, (3, 315) 10.056, (3, 0) 11.06, (4, 45) 11.06, (3, 90) 10.994, (2, 135) 10.994, ]
Explored States: [(2, 45), (2, 90), (3, 45), (2, 0), (2, 315), (1, 0)]
Iteration #7 -------------------------
Current node: (2, 270)
Frontier: [(2, 225) 8.129, (1, 270) 8.129, (1, 45) 10.322, (3, 315) 10.056, (3, 270) 8.129, (3, 0) 11.06, (4, 45) 11.06, (3, 90) 10.994, (1, 90) 10.994, (2, 135) 10.994, (1, 315) 10.056, ]
Explored States: [(2, 45), (2, 90), (3, 45), (2, 0), (2, 315), (1, 0), (2, 270)]
Iteration #8 -------------------------
Current node: (2, 225)
Frontier: [(2, 180) 7.0, (1, 270) 8.129, (1, 225) 7.0, (3, 315) 10.056, (3, 270) 8.129, (3, 225) 7.0, (4, 45) 11.06, (3, 90) 10.994, (1, 90) 10.994, (2, 135) 10.994, (1, 315) 10.056, (3, 0) 11.06, (1, 45) 10.322, ]
Explored States: [(2, 45), (2, 90), (3, 45), (2, 0), (2, 315), (1, 0), (2, 270), (2, 225)]
Iteration #9 -------------------------
Current node: (2, 180)
Frontier: [(1, 225) 7.0, (1, 270) 8.129, (3, 225) 7.0, (3, 315) 10.056, (3, 270) 8.129, (1, 180) 8.129, (3, 180) 8.129, (3, 90) 10.994, (1, 90) 10.994, (2, 135) 10.994, (1, 315) 10.056, (3, 0) 11.06, (1, 45) 10.322, (4, 45) 11.06, ]
Explored States: [(2, 45), (2, 90), (3, 45), (2, 0), (2, 315), (1, 0), (2, 270), (2, 225), (2, 180)]
Iteration #10 -------------------------
Current node: (1, 225)
Frontier: [(3, 225) 7.0, (1, 270) 8.129, (0, 225) 8.0, (3, 315) 10.056, (3, 270) 8.129, (1, 45) 10.322, (1, 180) 8.129, (3, 90) 10.994, (1, 90) 10.994, (2, 135) 10.994, (1, 315) 10.056, (3, 0) 11.06, (4, 45) 11.06, (3, 180) 8.129, ]
Explored States: [(2, 45), (2, 90), (3, 45), (2, 0), (2, 315), (1, 0), (2, 270), (2, 225), (2, 180), (1, 225)]
Iteration #11 -------------------------
Current node: (3, 225)
Frontier: [(4, 225) 6.0, (1, 270) 8.129, (0, 225) 8.0, (3, 315) 10.056, (3, 270) 8.129, (1, 45) 10.322, (3, 180) 8.129, (3, 90) 10.994, (1, 90) 10.994, (2, 135) 10.994, (1, 315) 10.056, (3, 0) 11.06, (4, 45) 11.06, (1, 180) 8.129, ]
Explored States: [(2, 45), (2, 90), (3, 45), (2, 0), (2, 315), (1, 0), (2, 270), (2, 225), (2, 180), (1, 225), (3, 225)]
Iteration #12 -------------------------
Current node: (4, 225)
Frontier: [(4, 270) 5.0, (5, 225) 5.0, (4, 180) 5.0, (1, 270) 8.129, (3, 270) 8.129, (1, 45) 10.322, (0, 225) 8.0, (3, 315) 10.056, (1, 90) 10.994, (2, 135) 10.994, (1, 315) 10.056, (3, 0) 11.06, (4, 45) 11.06, (3, 180) 8.129, (1, 180) 8.129, (3, 90) 10.994, ]
Explored States: [(2, 45), (2, 90), (3, 45), (2, 0), (2, 315), (1, 0), (2, 270), (2, 225), (2, 180), (1, 225), (3, 225), (4, 225)]
Iteration #13 -------------------------
Current node: (4, 270)
Frontier: [(5, 225) 5.0, (4, 315) 7.693, (4, 180) 5.0, (5, 270) 7.693, (3, 270) 8.129, (1, 45) 10.322, (0, 225) 8.0, (1, 270) 8.129, (1, 90) 10.994, (2, 135) 10.994, (1, 315) 10.056, (3, 0) 11.06, (4, 45) 11.06, (3, 180) 8.129, (1, 180) 8.129, (3, 90) 10.994, (3, 315) 10.056, ]
Explored States: [(2, 45), (2, 90), (3, 45), (2, 0), (2, 315), (1, 0), (2, 270), (2, 225), (2, 180), (1, 225), (3, 225), (4, 225), (4, 270)]
Iteration #14 -------------------------
Current node: (5, 225)
Frontier: [(5, 180) 4.0, (6, 225) 4.0, (0, 225) 8.0, (4, 180) 5.0, (3, 270) 8.129, (1, 45) 10.322, (3, 180) 8.129, (5, 270) 7.693, (4, 315) 7.693, (2, 135) 10.994, (1, 315) 10.056, (3, 0) 11.06, (4, 45) 11.06, (3, 315) 10.056, (1, 180) 8.129, (3, 90) 10.994, (1, 270) 8.129, (1, 90) 10.994, ]
Explored States: [(2, 45), (2, 90), (3, 45), (2, 0), (2, 315), (1, 0), (2, 270), (2, 225), (2, 180), (1, 225), (3, 225), (4, 225), (4, 270), (5, 225)]
Iteration #15 -------------------------
Current node: (5, 180)
Frontier: [(6, 225) 4.0, (4, 180) 5.0, (0, 225) 8.0, (5, 135) 7.663, (3, 270) 8.129, (1, 45) 10.322, (3, 180) 8.129, (1, 270) 8.129, (6, 180) 7.663, (2, 135) 10.994, (1, 315) 10.056, (3, 0) 11.06, (4, 45) 11.06, (3, 315) 10.056, (1, 180) 8.129, (3, 90) 10.994, (1, 90) 10.994, (4, 315) 7.693, (5, 270) 7.693, ]
Explored States: [(2, 45), (2, 90), (3, 45), (2, 0), (2, 315), (1, 0), (2, 270), (2, 225), (2, 180), (1, 225), (3, 225), (4, 225), (4, 270), (5, 225), (5, 180)]
Iteration #16 -------------------------
Current node: (6, 225)
Frontier: [(6, 270) 3.0, (7, 225) 3.0, (0, 225) 8.0, (5, 135) 7.663, (4, 180) 5.0, (1, 45) 10.322, (3, 180) 8.129, (1, 270) 8.129, (6, 180) 7.663, (3, 270) 8.129, (1, 315) 10.056, (3, 0) 11.06, (4, 45) 11.06, (3, 315) 10.056, (1, 180) 8.129, (3, 90) 10.994, (1, 90) 10.994, (4, 315) 7.693, (5, 270) 7.693, (2, 135) 10.994, ]
Explored States: [(2, 45), (2, 90), (3, 45), (2, 0), (2, 315), (1, 0), (2, 270), (2, 225), (2, 180), (1, 225), (3, 225), (4, 225), (4, 270), (5, 225), (5, 180), (6, 225)]
Iteration #17 -------------------------
Current node: (6, 270)
Frontier: [(7, 225) 3.0, (4, 180) 5.0, (0, 225) 8.0, (5, 135) 7.663, (6, 315) 7.763, (1, 45) 10.322, (3, 180) 8.129, (1, 270) 8.129, (6, 180) 7.663, (7, 270) 7.763, (1, 315) 10.056, (3, 0) 11.06, (4, 45) 11.06, (3, 315) 10.056, (1, 180) 8.129, (3, 90) 10.994, (1, 90) 10.994, (4, 315) 7.693, (5, 270) 7.693, (2, 135) 10.994, (3, 270) 8.129, ]
Explored States: [(2, 45), (2, 90), (3, 45), (2, 0), (2, 315), (1, 0), (2, 270), (2, 225), (2, 180), (1, 225), (3, 225), (4, 225), (4, 270), (5, 225), (5, 180), (6, 225), (6, 270)]
Iteration #18 -------------------------
Current node: (7, 225)
Frontier: [(7, 180) 2.0, (8, 225) 2.0, (0, 225) 8.0, (6, 180) 7.663, (4, 180) 5.0, (1, 45) 10.322, (3, 180) 8.129, (1, 270) 8.129, (4, 315) 7.693, (6, 315) 7.763, (5, 135) 7.663, (3, 0) 11.06, (4, 45) 11.06, (3, 315) 10.056, (1, 180) 8.129, (3, 90) 10.994, (1, 90) 10.994, (3, 270) 8.129, (5, 270) 7.693, (2, 135) 10.994, (7, 270) 7.763, (1, 315) 10.056, ]
Explored States: [(2, 45), (2, 90), (3, 45), (2, 0), (2, 315), (1, 0), (2, 270), (2, 225), (2, 180), (1, 225), (3, 225), (4, 225), (4, 270), (5, 225), (5, 180), (6, 225), (6, 270), (7, 225)]
Iteration #19 -------------------------
Current node: (7, 180)
Frontier: [(8, 225) 2.0, (4, 180) 5.0, (0, 225) 8.0, (6, 180) 7.663, (5, 135) 7.663, (1, 45) 10.322, (3, 180) 8.129, (1, 270) 8.129, (4, 315) 7.693, (6, 315) 7.763, (7, 135) 7.988, (3, 0) 11.06, (4, 45) 11.06, (3, 315) 10.056, (1, 180) 8.129, (3, 90) 10.994, (1, 90) 10.994, (3, 270) 8.129, (5, 270) 7.693, (2, 135) 10.994, (7, 270) 7.763, (1, 315) 10.056, (8, 180) 7.988, ]
Explored States: [(2, 45), (2, 90), (3, 45), (2, 0), (2, 315), (1, 0), (2, 270), (2, 225), (2, 180), (1, 225), (3, 225), (4, 225), (4, 270), (5, 225), (5, 180), (6, 225), (6, 270), (7, 225), (7, 180)]
Iteration #20 -------------------------
Current node: (8, 225)
Frontier: [(8, 270) 1.0, (4, 180) 5.0, (9, 225) 1.0, (4, 315) 7.693, (6, 180) 7.663, (0, 225) 8.0, (3, 180) 8.129, (1, 270) 8.129, (5, 270) 7.693, (6, 315) 7.763, (5, 135) 7.663, (1, 45) 10.322, (4, 45) 11.06, (3, 315) 10.056, (1, 180) 8.129, (3, 90) 10.994, (1, 90) 10.994, (3, 270) 8.129, (8, 180) 7.988, (2, 135) 10.994, (7, 270) 7.763, (1, 315) 10.056, (7, 135) 7.988, (3, 0) 11.06, ]
Explored States: [(2, 45), (2, 90), (3, 45), (2, 0), (2, 315), (1, 0), (2, 270), (2, 225), (2, 180), (1, 225), (3, 225), (4, 225), (4, 270), (5, 225), (5, 180), (6, 225), (6, 270), (7, 225), (7, 180), (8, 225)]
Iteration #21 -------------------------
Current node: (8, 270)
Frontier: [(9, 225) 1.0, (4, 180) 5.0, (0, 225) 8.0, (4, 315) 7.693, (6, 180) 7.663, (8, 315) 8.328, (3, 180) 8.129, (1, 270) 8.129, (5, 270) 7.693, (6, 315) 7.763, (5, 135) 7.663, (9, 270) 8.328, (4, 45) 11.06, (3, 315) 10.056, (1, 180) 8.129, (3, 90) 10.994, (1, 90) 10.994, (3, 270) 8.129, (8, 180) 7.988, (2, 135) 10.994, (7, 270) 7.763, (1, 315) 10.056, (7, 135) 7.988, (3, 0) 11.06, (1, 45) 10.322, ]
Explored States: [(2, 45), (2, 90), (3, 45), (2, 0), (2, 315), (1, 0), (2, 270), (2, 225), (2, 180), (1, 225), (3, 225), (4, 225), (4, 270), (5, 225), (5, 180), (6, 225), (6, 270), (7, 225), (7, 180), (8, 225), (8, 270)]
Iteration #22 -------------------------
Current node: (9, 225)
Frontier: [(4, 180) 5.0, (6, 180) 7.663, (0, 225) 8.0, (4, 315) 7.693, (5, 135) 7.663, (8, 315) 8.328, (3, 180) 8.129, (1, 270) 8.129, (5, 270) 7.693, (6, 315) 7.763, (7, 135) 7.988, (9, 270) 8.328, (4, 45) 11.06, (3, 315) 10.056, (1, 180) 8.129, (3, 90) 10.994, (1, 90) 10.994, (3, 270) 8.129, (8, 180) 7.988, (2, 135) 10.994, (7, 270) 7.763, (1, 315) 10.056, (1, 45) 10.322, (3, 0) 11.06, ]
Explored States: [(2, 45), (2, 90), (3, 45), (2, 0), (2, 315), (1, 0), (2, 270), (2, 225), (2, 180), (1, 225), (3, 225), (4, 225), (4, 270), (5, 225), (5, 180), (6, 225), (6, 270), (7, 225), (7, 180), (8, 225), (8, 270), (9, 225)]

Path found using BestF in 12.803 ms!
Flight instructions (11) : [H270, H270, H270, H270, H180, H180, H180, H180, H180, H180, H180]
Path followed (12 states): [(2, 45), (2, 0), (2, 315), (2, 270), (2, 225), (3, 225), (4, 225), (5, 225), (6, 225), (7, 225), (8, 225), (9, 225)]
Solution path cost: 13.283

Current node depth: 11
Nodes created: 46
22 states expanded: [(2, 45), (2, 90), (3, 45), (2, 0), (2, 315), (1, 0), (2, 270), (2, 225), (2, 180), (1, 225), (3, 225), (4, 225), (4, 270), (5, 225), (5, 180), (6, 225), (6, 270), (7, 225), (7, 180), (8, 225), (8, 270), (9, 225)]
