Search type: BestF
Size of world N: 5
Start point: (1, 315)
End point: (4, 45)
Obstacles located at: []

Starting Best-First Search...
Iteration #1 -------------------------
Current node: (1, 315)
Frontier: [(1, 0) 3.021, (1, 270) 3.021, (0, 315) 3.021, (2, 315) 3.021, ]
Explored States: [(1, 315)]
Iteration #2 -------------------------
Current node: (1, 0)
Frontier: [(2, 315) 3.021, (1, 270) 3.021, (0, 315) 3.021, (1, 45) 3.577, (2, 0) 3.577, ]
Explored States: [(1, 315), (1, 0)]
Iteration #3 -------------------------
Current node: (2, 315)
Frontier: [(2, 270) 2.062, (1, 270) 3.021, (3, 315) 2.062, (1, 45) 3.577, (2, 0) 3.577, (0, 315) 3.021, ]
Explored States: [(1, 315), (1, 0), (2, 315)]
Iteration #4 -------------------------
Current node: (2, 270)
Frontier: [(3, 315) 2.062, (1, 270) 3.021, (0, 315) 3.021, (1, 45) 3.577, (2, 0) 3.577, (2, 225) 3.758, (3, 270) 3.758, ]
Explored States: [(1, 315), (1, 0), (2, 315), (2, 270)]
Iteration #5 -------------------------
Current node: (3, 315)
Frontier: [(3, 0) 1.173, (4, 315) 1.173, (1, 270) 3.021, (1, 45) 3.577, (2, 0) 3.577, (2, 225) 3.758, (0, 315) 3.021, (3, 270) 3.758, ]
Explored States: [(1, 315), (1, 0), (2, 315), (2, 270), (3, 315)]
Iteration #6 -------------------------
Current node: (3, 0)
Frontier: [(4, 315) 1.173, (3, 45) 3.52, (1, 270) 3.021, (4, 0) 3.52, (2, 0) 3.577, (2, 225) 3.758, (0, 315) 3.021, (3, 270) 3.758, (1, 45) 3.577, ]
Explored States: [(1, 315), (1, 0), (2, 315), (2, 270), (3, 315), (3, 0)]
Iteration #7 -------------------------
Current node: (4, 315)
Frontier: [(4, 270) 0.707, (1, 270) 3.021, (0, 315) 3.021, (3, 45) 3.52, (2, 0) 3.577, (2, 225) 3.758, (1, 45) 3.577, (3, 270) 3.758, (4, 0) 3.52, ]
Explored States: [(1, 315), (1, 0), (2, 315), (2, 270), (3, 315), (3, 0), (4, 315)]
Iteration #8 -------------------------
Current node: (4, 270)
Frontier: [(1, 270) 3.021, (4, 0) 3.52, (0, 315) 3.021, (3, 45) 3.52, (2, 0) 3.577, (2, 225) 3.758, (1, 45) 3.577, (3, 270) 3.758, (4, 225) 4.5, ]
Explored States: [(1, 315), (1, 0), (2, 315), (2, 270), (3, 315), (3, 0), (4, 315), (4, 270)]
Iteration #9 -------------------------
Current node: (1, 270)
Frontier: [(0, 315) 3.021, (4, 0) 3.52, (1, 45) 3.577, (3, 45) 3.52, (2, 0) 3.577, (2, 225) 3.758, (4, 225) 4.5, (3, 270) 3.758, (1, 225) 3.75, (0, 270) 3.75, ]
Explored States: [(1, 315), (1, 0), (2, 315), (2, 270), (3, 315), (3, 0), (4, 315), (4, 270), (1, 270)]
Iteration #10 -------------------------
Current node: (0, 315)
Frontier: [(4, 0) 3.52, (3, 45) 3.52, (1, 45) 3.577, (0, 270) 3.75, (2, 0) 3.577, (2, 225) 3.758, (4, 225) 4.5, (3, 270) 3.758, (1, 225) 3.75, ]
Explored States: [(1, 315), (1, 0), (2, 315), (2, 270), (3, 315), (3, 0), (4, 315), (4, 270), (1, 270), (0, 315)]
Iteration #11 -------------------------
Current node: (4, 0)
Frontier: [(3, 45) 3.52, (2, 0) 3.577, (1, 45) 3.577, (0, 270) 3.75, (1, 225) 3.75, (2, 225) 3.758, (4, 225) 4.5, (3, 270) 3.758, (4, 45) 3.897, ]
Explored States: [(1, 315), (1, 0), (2, 315), (2, 270), (3, 315), (3, 0), (4, 315), (4, 270), (1, 270), (0, 315), (4, 0)]
Iteration #12 -------------------------
Current node: (3, 45)
Frontier: [(3, 90) 1.0, (2, 45) 1.0, (1, 45) 3.577, (0, 270) 3.75, (2, 0) 3.577, (2, 225) 3.758, (4, 225) 4.5, (4, 45) 3.897, (3, 270) 3.758, (1, 225) 3.75, ]
Explored States: [(1, 315), (1, 0), (2, 315), (2, 270), (3, 315), (3, 0), (4, 315), (4, 270), (1, 270), (0, 315), (4, 0), (3, 45)]
Iteration #13 -------------------------
Current node: (3, 90)
Frontier: [(2, 45) 1.0, (3, 135) 3.52, (4, 90) 3.52, (0, 270) 3.75, (2, 90) 3.52, (1, 45) 3.577, (4, 225) 4.5, (4, 45) 3.897, (3, 270) 3.758, (1, 225) 3.75, (2, 0) 3.577, (2, 225) 3.758, ]
Explored States: [(1, 315), (1, 0), (2, 315), (2, 270), (3, 315), (3, 0), (4, 315), (4, 270), (1, 270), (0, 315), (4, 0), (3, 45), (3, 90)]
Iteration #14 -------------------------
Current node: (2, 45)
Frontier: [(3, 135) 3.52, (2, 90) 3.52, (4, 90) 3.52, (0, 270) 3.75, (2, 0) 3.577, (1, 45) 3.577, (4, 225) 4.5, (4, 45) 3.897, (3, 270) 3.758, (1, 225) 3.75, (2, 225) 3.758, ]
Explored States: [(1, 315), (1, 0), (2, 315), (2, 270), (3, 315), (3, 0), (4, 315), (4, 270), (1, 270), (0, 315), (4, 0), (3, 45), (3, 90), (2, 45)]
Iteration #15 -------------------------
Current node: (3, 135)
Frontier: [(2, 90) 3.52, (2, 0) 3.577, (4, 90) 3.52, (0, 270) 3.75, (1, 225) 3.75, (1, 45) 3.577, (4, 225) 4.5, (4, 45) 3.897, (3, 270) 3.758, (2, 225) 3.758, (3, 180) 5.979, (2, 135) 5.979, (4, 135) 5.979, ]
Explored States: [(1, 315), (1, 0), (2, 315), (2, 270), (3, 315), (3, 0), (4, 315), (4, 270), (1, 270), (0, 315), (4, 0), (3, 45), (3, 90), (2, 45), (3, 135)]
Iteration #16 -------------------------
Current node: (2, 90)
Frontier: [(1, 90) 3.405, (2, 0) 3.577, (4, 90) 3.52, (0, 270) 3.75, (1, 225) 3.75, (1, 45) 3.577, (4, 225) 4.5, (4, 45) 3.897, (3, 270) 3.758, (2, 225) 3.758, (3, 180) 5.979, (2, 135) 5.979, (4, 135) 5.979, ]
Explored States: [(1, 315), (1, 0), (2, 315), (2, 270), (3, 315), (3, 0), (4, 315), (4, 270), (1, 270), (0, 315), (4, 0), (3, 45), (3, 90), (2, 45), (3, 135), (2, 90)]
Iteration #17 -------------------------
Current node: (1, 90)
Frontier: [(4, 90) 3.52, (2, 0) 3.577, (1, 45) 3.577, (0, 270) 3.75, (1, 225) 3.75, (1, 135) 3.577, (0, 90) 3.577, (4, 45) 3.897, (3, 270) 3.758, (2, 225) 3.758, (3, 180) 5.979, (2, 135) 5.979, (4, 135) 5.979, (4, 225) 4.5, ]
Explored States: [(1, 315), (1, 0), (2, 315), (2, 270), (3, 315), (3, 0), (4, 315), (4, 270), (1, 270), (0, 315), (4, 0), (3, 45), (3, 90), (2, 45), (3, 135), (2, 90), (1, 90)]
Iteration #18 -------------------------
Current node: (4, 90)
Frontier: [(2, 0) 3.577, (0, 270) 3.75, (1, 45) 3.577, (3, 270) 3.758, (1, 225) 3.75, (1, 135) 3.577, (0, 90) 3.577, (4, 45) 3.897, (4, 225) 4.5, (2, 225) 3.758, (3, 180) 5.979, (2, 135) 5.979, (4, 135) 5.979, ]
Explored States: [(1, 315), (1, 0), (2, 315), (2, 270), (3, 315), (3, 0), (4, 315), (4, 270), (1, 270), (0, 315), (4, 0), (3, 45), (3, 90), (2, 45), (3, 135), (2, 90), (1, 90), (4, 90)]
Iteration #19 -------------------------
Current node: (2, 0)
Frontier: [(1, 45) 3.577, (0, 270) 3.75, (1, 135) 3.577, (3, 270) 3.758, (1, 225) 3.75, (4, 135) 5.979, (0, 90) 3.577, (4, 45) 3.897, (4, 225) 4.5, (2, 225) 3.758, (3, 180) 5.979, (2, 135) 5.979, ]
Explored States: [(1, 315), (1, 0), (2, 315), (2, 270), (3, 315), (3, 0), (4, 315), (4, 270), (1, 270), (0, 315), (4, 0), (3, 45), (3, 90), (2, 45), (3, 135), (2, 90), (1, 90), (4, 90), (2, 0)]
Iteration #20 -------------------------
Current node: (1, 45)
Frontier: [(0, 45) 3.0, (0, 270) 3.75, (1, 135) 3.577, (3, 270) 3.758, (1, 225) 3.75, (0, 90) 3.577, (2, 135) 5.979, (4, 45) 3.897, (4, 225) 4.5, (2, 225) 3.758, (3, 180) 5.979, (4, 135) 5.979, ]
Explored States: [(1, 315), (1, 0), (2, 315), (2, 270), (3, 315), (3, 0), (4, 315), (4, 270), (1, 270), (0, 315), (4, 0), (3, 45), (3, 90), (2, 45), (3, 135), (2, 90), (1, 90), (4, 90), (2, 0), (1, 45)]
Iteration #21 -------------------------
Current node: (0, 45)
Frontier: [(1, 135) 3.577, (0, 270) 3.75, (0, 90) 3.577, (3, 270) 3.758, (1, 225) 3.75, (4, 135) 5.979, (2, 135) 5.979, (4, 45) 3.897, (4, 225) 4.5, (2, 225) 3.758, (3, 180) 5.979, ]
Explored States: [(1, 315), (1, 0), (2, 315), (2, 270), (3, 315), (3, 0), (4, 315), (4, 270), (1, 270), (0, 315), (4, 0), (3, 45), (3, 90), (2, 45), (3, 135), (2, 90), (1, 90), (4, 90), (2, 0), (1, 45), (0, 45)]
Iteration #22 -------------------------
Current node: (1, 135)
Frontier: [(0, 90) 3.577, (0, 270) 3.75, (0, 135) 4.537, (3, 270) 3.758, (1, 225) 3.75, (3, 180) 5.979, (2, 135) 5.979, (4, 45) 3.897, (4, 225) 4.5, (2, 225) 3.758, (1, 180) 4.537, (4, 135) 5.979, ]
Explored States: [(1, 315), (1, 0), (2, 315), (2, 270), (3, 315), (3, 0), (4, 315), (4, 270), (1, 270), (0, 315), (4, 0), (3, 45), (3, 90), (2, 45), (3, 135), (2, 90), (1, 90), (4, 90), (2, 0), (1, 45), (0, 45), (1, 135)]
Iteration #23 -------------------------
Current node: (0, 90)
Frontier: [(0, 270) 3.75, (1, 225) 3.75, (0, 135) 4.537, (3, 270) 3.758, (2, 225) 3.758, (3, 180) 5.979, (2, 135) 5.979, (4, 45) 3.897, (4, 225) 4.5, (4, 135) 5.979, (1, 180) 4.537, ]
Explored States: [(1, 315), (1, 0), (2, 315), (2, 270), (3, 315), (3, 0), (4, 315), (4, 270), (1, 270), (0, 315), (4, 0), (3, 45), (3, 90), (2, 45), (3, 135), (2, 90), (1, 90), (4, 90), (2, 0), (1, 45), (0, 45), (1, 135), (0, 90)]
Iteration #24 -------------------------
Current node: (0, 270)
Frontier: [(1, 225) 3.75, (3, 270) 3.758, (0, 135) 4.537, (4, 45) 3.897, (2, 225) 3.758, (3, 180) 5.979, (2, 135) 5.979, (1, 180) 4.537, (4, 225) 4.5, (4, 135) 5.979, (0, 225) 4.0, ]
Explored States: [(1, 315), (1, 0), (2, 315), (2, 270), (3, 315), (3, 0), (4, 315), (4, 270), (1, 270), (0, 315), (4, 0), (3, 45), (3, 90), (2, 45), (3, 135), (2, 90), (1, 90), (4, 90), (2, 0), (1, 45), (0, 45), (1, 135), (0, 90), (0, 270)]
Iteration #25 -------------------------
Current node: (1, 225)
Frontier: [(3, 270) 3.758, (2, 225) 3.758, (0, 135) 4.537, (4, 45) 3.897, (0, 225) 4.0, (3, 180) 5.979, (2, 135) 5.979, (1, 180) 4.537, (4, 225) 4.5, (4, 135) 5.979, ]
Explored States: [(1, 315), (1, 0), (2, 315), (2, 270), (3, 315), (3, 0), (4, 315), (4, 270), (1, 270), (0, 315), (4, 0), (3, 45), (3, 90), (2, 45), (3, 135), (2, 90), (1, 90), (4, 90), (2, 0), (1, 45), (0, 45), (1, 135), (0, 90), (0, 270), (1, 225)]
Iteration #26 -------------------------
Current node: (3, 270)
Frontier: [(2, 225) 3.758, (4, 45) 3.897, (0, 135) 4.537, (4, 225) 4.5, (0, 225) 4.0, (3, 180) 5.979, (2, 135) 5.979, (1, 180) 4.537, (4, 135) 5.979, (3, 225) 4.023, ]
Explored States: [(1, 315), (1, 0), (2, 315), (2, 270), (3, 315), (3, 0), (4, 315), (4, 270), (1, 270), (0, 315), (4, 0), (3, 45), (3, 90), (2, 45), (3, 135), (2, 90), (1, 90), (4, 90), (2, 0), (1, 45), (0, 45), (1, 135), (0, 90), (0, 270), (1, 225), (3, 270)]
Iteration #27 -------------------------
Current node: (2, 225)
Frontier: [(4, 45) 3.897, (0, 225) 4.0, (0, 135) 4.537, (4, 225) 4.5, (3, 225) 4.023, (3, 180) 5.979, (2, 135) 5.979, (1, 180) 4.537, (4, 135) 5.979, (2, 180) 5.438, ]
Explored States: [(1, 315), (1, 0), (2, 315), (2, 270), (3, 315), (3, 0), (4, 315), (4, 270), (1, 270), (0, 315), (4, 0), (3, 45), (3, 90), (2, 45), (3, 135), (2, 90), (1, 90), (4, 90), (2, 0), (1, 45), (0, 45), (1, 135), (0, 90), (0, 270), (1, 225), (3, 270), (2, 225)]
Iteration #28 -------------------------
Current node: (4, 45)
Frontier: [(0, 225) 4.0, (3, 225) 4.023, (0, 135) 4.537, (4, 225) 4.5, (2, 180) 5.438, (3, 180) 5.979, (2, 135) 5.979, (1, 180) 4.537, (4, 135) 5.979, ]
Explored States: [(1, 315), (1, 0), (2, 315), (2, 270), (3, 315), (3, 0), (4, 315), (4, 270), (1, 270), (0, 315), (4, 0), (3, 45), (3, 90), (2, 45), (3, 135), (2, 90), (1, 90), (4, 90), (2, 0), (1, 45), (0, 45), (1, 135), (0, 90), (0, 270), (1, 225), (3, 270), (2, 225), (4, 45)]

Path found using BestF in 14.596 ms!
Flight instructions (5) : [H180, H180, H90, H180, H90]
Path followed (6 states): [(1, 315), (2, 315), (3, 315), (3, 0), (4, 0), (4, 45)]
Solution path cost: 8.498

Current node depth: 5
Nodes created: 37
28 states expanded: [(1, 315), (1, 0), (2, 315), (2, 270), (3, 315), (3, 0), (4, 315), (4, 270), (1, 270), (0, 315), (4, 0), (3, 45), (3, 90), (2, 45), (3, 135), (2, 90), (1, 90), (4, 90), (2, 0), (1, 45), (0, 45), (1, 135), (0, 90), (0, 270), (1, 225), (3, 270), (2, 225), (4, 45)]
