Search type: BestF
Size of world N: 8
Start point: (4, 0)
End point: (7, 90)
Obstacles located at: []

Starting Best-First Search...
Iteration #1 -------------------------
Current node: (4, 0)
Frontier: [(4, 45) 9.492, (4, 315) 9.492, (3, 0) 9.492, (5, 0) 9.492, ]
Explored States: [(4, 0)]
Iteration #2 -------------------------
Current node: (4, 45)
Frontier: [(4, 90) 5.965, (3, 45) 5.965, (5, 45) 5.965, (4, 315) 9.492, (5, 0) 9.492, (3, 0) 9.492, ]
Explored States: [(4, 0), (4, 45)]
Iteration #3 -------------------------
Current node: (4, 90)
Frontier: [(4, 135) 3.0, (5, 90) 3.0, (3, 90) 3.0, (3, 0) 9.492, (5, 0) 9.492, (5, 45) 5.965, (3, 45) 5.965, (4, 315) 9.492, ]
Explored States: [(4, 0), (4, 45), (4, 90)]
Iteration #4 -------------------------
Current node: (4, 135)
Frontier: [(5, 90) 3.0, (4, 180) 5.965, (3, 90) 3.0, (3, 135) 5.965, (5, 135) 5.965, (5, 45) 5.965, (3, 45) 5.965, (3, 0) 9.492, (4, 315) 9.492, (5, 0) 9.492, ]
Explored States: [(4, 0), (4, 45), (4, 90), (4, 135)]
Iteration #5 -------------------------
Current node: (5, 90)
Frontier: [(6, 90) 2.0, (3, 90) 3.0, (5, 45) 5.965, (3, 135) 5.965, (4, 180) 5.965, (5, 0) 9.492, (3, 45) 5.965, (3, 0) 9.492, (4, 315) 9.492, (5, 135) 5.965, ]
Explored States: [(4, 0), (4, 45), (4, 90), (4, 135), (5, 90)]
Iteration #6 -------------------------
Current node: (6, 90)
Frontier: [(6, 135) 1.0, (6, 45) 1.0, (7, 90) 1.0, (3, 135) 5.965, (3, 90) 3.0, (5, 45) 5.965, (3, 45) 5.965, (3, 0) 9.492, (4, 315) 9.492, (4, 180) 5.965, (5, 135) 5.965, (5, 0) 9.492, ]
Explored States: [(4, 0), (4, 45), (4, 90), (4, 135), (5, 90), (6, 90)]
Iteration #7 -------------------------
Current node: (6, 135)
Frontier: [(6, 45) 1.0, (3, 90) 3.0, (7, 90) 1.0, (3, 135) 5.965, (4, 180) 5.965, (5, 45) 5.965, (3, 45) 5.965, (3, 0) 9.492, (4, 315) 9.492, (5, 0) 9.492, (5, 135) 5.965, (6, 180) 6.393, (7, 135) 6.393, ]
Explored States: [(4, 0), (4, 45), (4, 90), (4, 135), (5, 90), (6, 90), (6, 135)]
Iteration #8 -------------------------
Current node: (6, 45)
Frontier: [(7, 90) 1.0, (3, 90) 3.0, (5, 45) 5.965, (3, 135) 5.965, (4, 180) 5.965, (7, 135) 6.393, (3, 45) 5.965, (3, 0) 9.492, (4, 315) 9.492, (5, 0) 9.492, (5, 135) 5.965, (6, 180) 6.393, (6, 0) 6.393, (7, 45) 6.393, ]
Explored States: [(4, 0), (4, 45), (4, 90), (4, 135), (5, 90), (6, 90), (6, 135), (6, 45)]
Iteration #9 -------------------------
Current node: (7, 90)
Frontier: [(3, 90) 3.0, (3, 135) 5.965, (5, 45) 5.965, (7, 45) 6.393, (4, 180) 5.965, (7, 135) 6.393, (3, 45) 5.965, (3, 0) 9.492, (4, 315) 9.492, (5, 0) 9.492, (5, 135) 5.965, (6, 180) 6.393, (6, 0) 6.393, ]
Explored States: [(4, 0), (4, 45), (4, 90), (4, 135), (5, 90), (6, 90), (6, 135), (6, 45), (7, 90)]

Path found using BestF in 6.744 ms!
Flight instructions (5) : [H90, H90, H180, H180, H180]
Path followed (6 states): [(4, 0), (4, 45), (4, 90), (5, 90), (6, 90), (7, 90)]
Solution path cost: 9.283

Current node depth: 5
Nodes created: 22
9 states expanded: [(4, 0), (4, 45), (4, 90), (4, 135), (5, 90), (6, 90), (6, 135), (6, 45), (7, 90)]
