Search type: BFS
Size of world N: 8
Start point: (4, 0)
End point: (7, 90)
Obstacles located at: []

[
    [(0, 0)]
    [(1, 0), (1, 45), (1, 90), (1, 135), (1, 180), (1, 225), (1, 270), (1, 315)]
    [(2, 0), (2, 45), (2, 90), (2, 135), (2, 180), (2, 225), (2, 270), (2, 315)]
    [(3, 0), (3, 45), (3, 90), (3, 135), (3, 180), (3, 225), (3, 270), (3, 315)]
    [(4, 0), (4, 45), (4, 90), (4, 135), (4, 180), (4, 225), (4, 270), (4, 315)]
    [(5, 0), (5, 45), (5, 90), (5, 135), (5, 180), (5, 225), (5, 270), (5, 315)]
    [(6, 0), (6, 45), (6, 90), (6, 135), (6, 180), (6, 225), (6, 270), (6, 315)]
    [(7, 0), (7, 45), (7, 90), (7, 135), (7, 180), (7, 225), (7, 270), (7, 315)]
]

Starting Breadth-First Search...
Iteration #1 -------------------------
Current node: (4, 0)
Frontier: [(4, 45), (4, 315), (3, 0), (5, 0)]
Explored States: [(4, 0)]
Iteration #2 -------------------------
Current node: (4, 45)
Frontier: [(4, 315), (3, 0), (5, 0), (4, 90), (3, 45), (5, 45)]
Explored States: [(4, 0), (4, 45)]
Iteration #3 -------------------------
Current node: (4, 315)
Frontier: [(3, 0), (5, 0), (4, 90), (3, 45), (5, 45), (4, 270), (3, 315), (5, 315)]
Explored States: [(4, 0), (4, 45), (4, 315)]
Iteration #4 -------------------------
Current node: (3, 0)
Frontier: [(5, 0), (4, 90), (3, 45), (5, 45), (4, 270), (3, 315), (5, 315), (2, 0)]
Explored States: [(4, 0), (4, 45), (4, 315), (3, 0)]
Iteration #5 -------------------------
Current node: (5, 0)
Frontier: [(4, 90), (3, 45), (5, 45), (4, 270), (3, 315), (5, 315), (2, 0), (6, 0)]
Explored States: [(4, 0), (4, 45), (4, 315), (3, 0), (5, 0)]
Iteration #6 -------------------------
Current node: (4, 90)
Frontier: [(3, 45), (5, 45), (4, 270), (3, 315), (5, 315), (2, 0), (6, 0), (4, 135), (3, 90), (5, 90)]
Explored States: [(4, 0), (4, 45), (4, 315), (3, 0), (5, 0), (4, 90)]
Iteration #7 -------------------------
Current node: (3, 45)
Frontier: [(5, 45), (4, 270), (3, 315), (5, 315), (2, 0), (6, 0), (4, 135), (3, 90), (5, 90), (2, 45)]
Explored States: [(4, 0), (4, 45), (4, 315), (3, 0), (5, 0), (4, 90), (3, 45)]
Iteration #8 -------------------------
Current node: (5, 45)
Frontier: [(4, 270), (3, 315), (5, 315), (2, 0), (6, 0), (4, 135), (3, 90), (5, 90), (2, 45), (6, 45)]
Explored States: [(4, 0), (4, 45), (4, 315), (3, 0), (5, 0), (4, 90), (3, 45), (5, 45)]
Iteration #9 -------------------------
Current node: (4, 270)
Frontier: [(3, 315), (5, 315), (2, 0), (6, 0), (4, 135), (3, 90), (5, 90), (2, 45), (6, 45), (4, 225), (3, 270), (5, 270)]
Explored States: [(4, 0), (4, 45), (4, 315), (3, 0), (5, 0), (4, 90), (3, 45), (5, 45), (4, 270)]
Iteration #10 -------------------------
Current node: (3, 315)
Frontier: [(5, 315), (2, 0), (6, 0), (4, 135), (3, 90), (5, 90), (2, 45), (6, 45), (4, 225), (3, 270), (5, 270), (2, 315)]
Explored States: [(4, 0), (4, 45), (4, 315), (3, 0), (5, 0), (4, 90), (3, 45), (5, 45), (4, 270), (3, 315)]
Iteration #11 -------------------------
Current node: (5, 315)
Frontier: [(2, 0), (6, 0), (4, 135), (3, 90), (5, 90), (2, 45), (6, 45), (4, 225), (3, 270), (5, 270), (2, 315), (6, 315)]
Explored States: [(4, 0), (4, 45), (4, 315), (3, 0), (5, 0), (4, 90), (3, 45), (5, 45), (4, 270), (3, 315), (5, 315)]
Iteration #12 -------------------------
Current node: (2, 0)
Frontier: [(6, 0), (4, 135), (3, 90), (5, 90), (2, 45), (6, 45), (4, 225), (3, 270), (5, 270), (2, 315), (6, 315), (1, 0)]
Explored States: [(4, 0), (4, 45), (4, 315), (3, 0), (5, 0), (4, 90), (3, 45), (5, 45), (4, 270), (3, 315), (5, 315), (2, 0)]
Iteration #13 -------------------------
Current node: (6, 0)
Frontier: [(4, 135), (3, 90), (5, 90), (2, 45), (6, 45), (4, 225), (3, 270), (5, 270), (2, 315), (6, 315), (1, 0), (7, 0)]
Explored States: [(4, 0), (4, 45), (4, 315), (3, 0), (5, 0), (4, 90), (3, 45), (5, 45), (4, 270), (3, 315), (5, 315), (2, 0), (6, 0)]
Iteration #14 -------------------------
Current node: (4, 135)
Frontier: [(3, 90), (5, 90), (2, 45), (6, 45), (4, 225), (3, 270), (5, 270), (2, 315), (6, 315), (1, 0), (7, 0), (4, 180), (3, 135), (5, 135)]
Explored States: [(4, 0), (4, 45), (4, 315), (3, 0), (5, 0), (4, 90), (3, 45), (5, 45), (4, 270), (3, 315), (5, 315), (2, 0), (6, 0), (4, 135)]
Iteration #15 -------------------------
Current node: (3, 90)
Frontier: [(5, 90), (2, 45), (6, 45), (4, 225), (3, 270), (5, 270), (2, 315), (6, 315), (1, 0), (7, 0), (4, 180), (3, 135), (5, 135), (2, 90)]
Explored States: [(4, 0), (4, 45), (4, 315), (3, 0), (5, 0), (4, 90), (3, 45), (5, 45), (4, 270), (3, 315), (5, 315), (2, 0), (6, 0), (4, 135), (3, 90)]
Iteration #16 -------------------------
Current node: (5, 90)
Frontier: [(2, 45), (6, 45), (4, 225), (3, 270), (5, 270), (2, 315), (6, 315), (1, 0), (7, 0), (4, 180), (3, 135), (5, 135), (2, 90), (6, 90)]
Explored States: [(4, 0), (4, 45), (4, 315), (3, 0), (5, 0), (4, 90), (3, 45), (5, 45), (4, 270), (3, 315), (5, 315), (2, 0), (6, 0), (4, 135), (3, 90), (5, 90)]
Iteration #17 -------------------------
Current node: (2, 45)
Frontier: [(6, 45), (4, 225), (3, 270), (5, 270), (2, 315), (6, 315), (1, 0), (7, 0), (4, 180), (3, 135), (5, 135), (2, 90), (6, 90), (1, 45)]
Explored States: [(4, 0), (4, 45), (4, 315), (3, 0), (5, 0), (4, 90), (3, 45), (5, 45), (4, 270), (3, 315), (5, 315), (2, 0), (6, 0), (4, 135), (3, 90), (5, 90), (2, 45)]
Iteration #18 -------------------------
Current node: (6, 45)
Frontier: [(4, 225), (3, 270), (5, 270), (2, 315), (6, 315), (1, 0), (7, 0), (4, 180), (3, 135), (5, 135), (2, 90), (6, 90), (1, 45), (7, 45)]
Explored States: [(4, 0), (4, 45), (4, 315), (3, 0), (5, 0), (4, 90), (3, 45), (5, 45), (4, 270), (3, 315), (5, 315), (2, 0), (6, 0), (4, 135), (3, 90), (5, 90), (2, 45), (6, 45)]
Iteration #19 -------------------------
Current node: (4, 225)
Frontier: [(3, 270), (5, 270), (2, 315), (6, 315), (1, 0), (7, 0), (4, 180), (3, 135), (5, 135), (2, 90), (6, 90), (1, 45), (7, 45), (3, 225), (5, 225)]
Explored States: [(4, 0), (4, 45), (4, 315), (3, 0), (5, 0), (4, 90), (3, 45), (5, 45), (4, 270), (3, 315), (5, 315), (2, 0), (6, 0), (4, 135), (3, 90), (5, 90), (2, 45), (6, 45), (4, 225)]
Iteration #20 -------------------------
Current node: (3, 270)
Frontier: [(5, 270), (2, 315), (6, 315), (1, 0), (7, 0), (4, 180), (3, 135), (5, 135), (2, 90), (6, 90), (1, 45), (7, 45), (3, 225), (5, 225), (2, 270)]
Explored States: [(4, 0), (4, 45), (4, 315), (3, 0), (5, 0), (4, 90), (3, 45), (5, 45), (4, 270), (3, 315), (5, 315), (2, 0), (6, 0), (4, 135), (3, 90), (5, 90), (2, 45), (6, 45), (4, 225), (3, 270)]
Iteration #21 -------------------------
Current node: (5, 270)
Frontier: [(2, 315), (6, 315), (1, 0), (7, 0), (4, 180), (3, 135), (5, 135), (2, 90), (6, 90), (1, 45), (7, 45), (3, 225), (5, 225), (2, 270), (6, 270)]
Explored States: [(4, 0), (4, 45), (4, 315), (3, 0), (5, 0), (4, 90), (3, 45), (5, 45), (4, 270), (3, 315), (5, 315), (2, 0), (6, 0), (4, 135), (3, 90), (5, 90), (2, 45), (6, 45), (4, 225), (3, 270), (5, 270)]
Iteration #22 -------------------------
Current node: (2, 315)
Frontier: [(6, 315), (1, 0), (7, 0), (4, 180), (3, 135), (5, 135), (2, 90), (6, 90), (1, 45), (7, 45), (3, 225), (5, 225), (2, 270), (6, 270), (1, 315)]
Explored States: [(4, 0), (4, 45), (4, 315), (3, 0), (5, 0), (4, 90), (3, 45), (5, 45), (4, 270), (3, 315), (5, 315), (2, 0), (6, 0), (4, 135), (3, 90), (5, 90), (2, 45), (6, 45), (4, 225), (3, 270), (5, 270), (2, 315)]
Iteration #23 -------------------------
Current node: (6, 315)
Frontier: [(1, 0), (7, 0), (4, 180), (3, 135), (5, 135), (2, 90), (6, 90), (1, 45), (7, 45), (3, 225), (5, 225), (2, 270), (6, 270), (1, 315), (7, 315)]
Explored States: [(4, 0), (4, 45), (4, 315), (3, 0), (5, 0), (4, 90), (3, 45), (5, 45), (4, 270), (3, 315), (5, 315), (2, 0), (6, 0), (4, 135), (3, 90), (5, 90), (2, 45), (6, 45), (4, 225), (3, 270), (5, 270), (2, 315), (6, 315)]
Iteration #24 -------------------------
Current node: (1, 0)
Frontier: [(7, 0), (4, 180), (3, 135), (5, 135), (2, 90), (6, 90), (1, 45), (7, 45), (3, 225), (5, 225), (2, 270), (6, 270), (1, 315), (7, 315)]
Explored States: [(4, 0), (4, 45), (4, 315), (3, 0), (5, 0), (4, 90), (3, 45), (5, 45), (4, 270), (3, 315), (5, 315), (2, 0), (6, 0), (4, 135), (3, 90), (5, 90), (2, 45), (6, 45), (4, 225), (3, 270), (5, 270), (2, 315), (6, 315), (1, 0)]
Iteration #25 -------------------------
Current node: (7, 0)
Frontier: [(4, 180), (3, 135), (5, 135), (2, 90), (6, 90), (1, 45), (7, 45), (3, 225), (5, 225), (2, 270), (6, 270), (1, 315), (7, 315)]
Explored States: [(4, 0), (4, 45), (4, 315), (3, 0), (5, 0), (4, 90), (3, 45), (5, 45), (4, 270), (3, 315), (5, 315), (2, 0), (6, 0), (4, 135), (3, 90), (5, 90), (2, 45), (6, 45), (4, 225), (3, 270), (5, 270), (2, 315), (6, 315), (1, 0), (7, 0)]
Iteration #26 -------------------------
Current node: (4, 180)
Frontier: [(3, 135), (5, 135), (2, 90), (6, 90), (1, 45), (7, 45), (3, 225), (5, 225), (2, 270), (6, 270), (1, 315), (7, 315), (3, 180), (5, 180)]
Explored States: [(4, 0), (4, 45), (4, 315), (3, 0), (5, 0), (4, 90), (3, 45), (5, 45), (4, 270), (3, 315), (5, 315), (2, 0), (6, 0), (4, 135), (3, 90), (5, 90), (2, 45), (6, 45), (4, 225), (3, 270), (5, 270), (2, 315), (6, 315), (1, 0), (7, 0), (4, 180)]
Iteration #27 -------------------------
Current node: (3, 135)
Frontier: [(5, 135), (2, 90), (6, 90), (1, 45), (7, 45), (3, 225), (5, 225), (2, 270), (6, 270), (1, 315), (7, 315), (3, 180), (5, 180), (2, 135)]
Explored States: [(4, 0), (4, 45), (4, 315), (3, 0), (5, 0), (4, 90), (3, 45), (5, 45), (4, 270), (3, 315), (5, 315), (2, 0), (6, 0), (4, 135), (3, 90), (5, 90), (2, 45), (6, 45), (4, 225), (3, 270), (5, 270), (2, 315), (6, 315), (1, 0), (7, 0), (4, 180), (3, 135)]
Iteration #28 -------------------------
Current node: (5, 135)
Frontier: [(2, 90), (6, 90), (1, 45), (7, 45), (3, 225), (5, 225), (2, 270), (6, 270), (1, 315), (7, 315), (3, 180), (5, 180), (2, 135), (6, 135)]
Explored States: [(4, 0), (4, 45), (4, 315), (3, 0), (5, 0), (4, 90), (3, 45), (5, 45), (4, 270), (3, 315), (5, 315), (2, 0), (6, 0), (4, 135), (3, 90), (5, 90), (2, 45), (6, 45), (4, 225), (3, 270), (5, 270), (2, 315), (6, 315), (1, 0), (7, 0), (4, 180), (3, 135), (5, 135)]
Iteration #29 -------------------------
Current node: (2, 90)
Frontier: [(6, 90), (1, 45), (7, 45), (3, 225), (5, 225), (2, 270), (6, 270), (1, 315), (7, 315), (3, 180), (5, 180), (2, 135), (6, 135), (1, 90)]
Explored States: [(4, 0), (4, 45), (4, 315), (3, 0), (5, 0), (4, 90), (3, 45), (5, 45), (4, 270), (3, 315), (5, 315), (2, 0), (6, 0), (4, 135), (3, 90), (5, 90), (2, 45), (6, 45), (4, 225), (3, 270), (5, 270), (2, 315), (6, 315), (1, 0), (7, 0), (4, 180), (3, 135), (5, 135), (2, 90)]
Iteration #30 -------------------------
Current node: (6, 90)
Frontier: [(1, 45), (7, 45), (3, 225), (5, 225), (2, 270), (6, 270), (1, 315), (7, 315), (3, 180), (5, 180), (2, 135), (6, 135), (1, 90), (7, 90)]
Explored States: [(4, 0), (4, 45), (4, 315), (3, 0), (5, 0), (4, 90), (3, 45), (5, 45), (4, 270), (3, 315), (5, 315), (2, 0), (6, 0), (4, 135), (3, 90), (5, 90), (2, 45), (6, 45), (4, 225), (3, 270), (5, 270), (2, 315), (6, 315), (1, 0), (7, 0), (4, 180), (3, 135), (5, 135), (2, 90), (6, 90)]
Iteration #31 -------------------------
Current node: (1, 45)
Frontier: [(7, 45), (3, 225), (5, 225), (2, 270), (6, 270), (1, 315), (7, 315), (3, 180), (5, 180), (2, 135), (6, 135), (1, 90), (7, 90), (0, 45)]
Explored States: [(4, 0), (4, 45), (4, 315), (3, 0), (5, 0), (4, 90), (3, 45), (5, 45), (4, 270), (3, 315), (5, 315), (2, 0), (6, 0), (4, 135), (3, 90), (5, 90), (2, 45), (6, 45), (4, 225), (3, 270), (5, 270), (2, 315), (6, 315), (1, 0), (7, 0), (4, 180), (3, 135), (5, 135), (2, 90), (6, 90), (1, 45)]
Iteration #32 -------------------------
Current node: (7, 45)
Frontier: [(3, 225), (5, 225), (2, 270), (6, 270), (1, 315), (7, 315), (3, 180), (5, 180), (2, 135), (6, 135), (1, 90), (7, 90), (0, 45)]
Explored States: [(4, 0), (4, 45), (4, 315), (3, 0), (5, 0), (4, 90), (3, 45), (5, 45), (4, 270), (3, 315), (5, 315), (2, 0), (6, 0), (4, 135), (3, 90), (5, 90), (2, 45), (6, 45), (4, 225), (3, 270), (5, 270), (2, 315), (6, 315), (1, 0), (7, 0), (4, 180), (3, 135), (5, 135), (2, 90), (6, 90), (1, 45), (7, 45)]
Iteration #33 -------------------------
Current node: (3, 225)
Frontier: [(5, 225), (2, 270), (6, 270), (1, 315), (7, 315), (3, 180), (5, 180), (2, 135), (6, 135), (1, 90), (7, 90), (0, 45), (2, 225)]
Explored States: [(4, 0), (4, 45), (4, 315), (3, 0), (5, 0), (4, 90), (3, 45), (5, 45), (4, 270), (3, 315), (5, 315), (2, 0), (6, 0), (4, 135), (3, 90), (5, 90), (2, 45), (6, 45), (4, 225), (3, 270), (5, 270), (2, 315), (6, 315), (1, 0), (7, 0), (4, 180), (3, 135), (5, 135), (2, 90), (6, 90), (1, 45), (7, 45), (3, 225)]
Iteration #34 -------------------------
Current node: (5, 225)
Frontier: [(2, 270), (6, 270), (1, 315), (7, 315), (3, 180), (5, 180), (2, 135), (6, 135), (1, 90), (7, 90), (0, 45), (2, 225), (6, 225)]
Explored States: [(4, 0), (4, 45), (4, 315), (3, 0), (5, 0), (4, 90), (3, 45), (5, 45), (4, 270), (3, 315), (5, 315), (2, 0), (6, 0), (4, 135), (3, 90), (5, 90), (2, 45), (6, 45), (4, 225), (3, 270), (5, 270), (2, 315), (6, 315), (1, 0), (7, 0), (4, 180), (3, 135), (5, 135), (2, 90), (6, 90), (1, 45), (7, 45), (3, 225), (5, 225)]
Iteration #35 -------------------------
Current node: (2, 270)
Frontier: [(6, 270), (1, 315), (7, 315), (3, 180), (5, 180), (2, 135), (6, 135), (1, 90), (7, 90), (0, 45), (2, 225), (6, 225), (1, 270)]
Explored States: [(4, 0), (4, 45), (4, 315), (3, 0), (5, 0), (4, 90), (3, 45), (5, 45), (4, 270), (3, 315), (5, 315), (2, 0), (6, 0), (4, 135), (3, 90), (5, 90), (2, 45), (6, 45), (4, 225), (3, 270), (5, 270), (2, 315), (6, 315), (1, 0), (7, 0), (4, 180), (3, 135), (5, 135), (2, 90), (6, 90), (1, 45), (7, 45), (3, 225), (5, 225), (2, 270)]
Iteration #36 -------------------------
Current node: (6, 270)
Frontier: [(1, 315), (7, 315), (3, 180), (5, 180), (2, 135), (6, 135), (1, 90), (7, 90), (0, 45), (2, 225), (6, 225), (1, 270), (7, 270)]
Explored States: [(4, 0), (4, 45), (4, 315), (3, 0), (5, 0), (4, 90), (3, 45), (5, 45), (4, 270), (3, 315), (5, 315), (2, 0), (6, 0), (4, 135), (3, 90), (5, 90), (2, 45), (6, 45), (4, 225), (3, 270), (5, 270), (2, 315), (6, 315), (1, 0), (7, 0), (4, 180), (3, 135), (5, 135), (2, 90), (6, 90), (1, 45), (7, 45), (3, 225), (5, 225), (2, 270), (6, 270)]
Iteration #37 -------------------------
Current node: (1, 315)
Frontier: [(7, 315), (3, 180), (5, 180), (2, 135), (6, 135), (1, 90), (7, 90), (0, 45), (2, 225), (6, 225), (1, 270), (7, 270), (0, 315)]
Explored States: [(4, 0), (4, 45), (4, 315), (3, 0), (5, 0), (4, 90), (3, 45), (5, 45), (4, 270), (3, 315), (5, 315), (2, 0), (6, 0), (4, 135), (3, 90), (5, 90), (2, 45), (6, 45), (4, 225), (3, 270), (5, 270), (2, 315), (6, 315), (1, 0), (7, 0), (4, 180), (3, 135), (5, 135), (2, 90), (6, 90), (1, 45), (7, 45), (3, 225), (5, 225), (2, 270), (6, 270), (1, 315)]
Iteration #38 -------------------------
Current node: (7, 315)
Frontier: [(3, 180), (5, 180), (2, 135), (6, 135), (1, 90), (7, 90), (0, 45), (2, 225), (6, 225), (1, 270), (7, 270), (0, 315)]
Explored States: [(4, 0), (4, 45), (4, 315), (3, 0), (5, 0), (4, 90), (3, 45), (5, 45), (4, 270), (3, 315), (5, 315), (2, 0), (6, 0), (4, 135), (3, 90), (5, 90), (2, 45), (6, 45), (4, 225), (3, 270), (5, 270), (2, 315), (6, 315), (1, 0), (7, 0), (4, 180), (3, 135), (5, 135), (2, 90), (6, 90), (1, 45), (7, 45), (3, 225), (5, 225), (2, 270), (6, 270), (1, 315), (7, 315)]
Iteration #39 -------------------------
Current node: (3, 180)
Frontier: [(5, 180), (2, 135), (6, 135), (1, 90), (7, 90), (0, 45), (2, 225), (6, 225), (1, 270), (7, 270), (0, 315), (2, 180)]
Explored States: [(4, 0), (4, 45), (4, 315), (3, 0), (5, 0), (4, 90), (3, 45), (5, 45), (4, 270), (3, 315), (5, 315), (2, 0), (6, 0), (4, 135), (3, 90), (5, 90), (2, 45), (6, 45), (4, 225), (3, 270), (5, 270), (2, 315), (6, 315), (1, 0), (7, 0), (4, 180), (3, 135), (5, 135), (2, 90), (6, 90), (1, 45), (7, 45), (3, 225), (5, 225), (2, 270), (6, 270), (1, 315), (7, 315), (3, 180)]
Iteration #40 -------------------------
Current node: (5, 180)
Frontier: [(2, 135), (6, 135), (1, 90), (7, 90), (0, 45), (2, 225), (6, 225), (1, 270), (7, 270), (0, 315), (2, 180), (6, 180)]
Explored States: [(4, 0), (4, 45), (4, 315), (3, 0), (5, 0), (4, 90), (3, 45), (5, 45), (4, 270), (3, 315), (5, 315), (2, 0), (6, 0), (4, 135), (3, 90), (5, 90), (2, 45), (6, 45), (4, 225), (3, 270), (5, 270), (2, 315), (6, 315), (1, 0), (7, 0), (4, 180), (3, 135), (5, 135), (2, 90), (6, 90), (1, 45), (7, 45), (3, 225), (5, 225), (2, 270), (6, 270), (1, 315), (7, 315), (3, 180), (5, 180)]
Iteration #41 -------------------------
Current node: (2, 135)
Frontier: [(6, 135), (1, 90), (7, 90), (0, 45), (2, 225), (6, 225), (1, 270), (7, 270), (0, 315), (2, 180), (6, 180), (1, 135)]
Explored States: [(4, 0), (4, 45), (4, 315), (3, 0), (5, 0), (4, 90), (3, 45), (5, 45), (4, 270), (3, 315), (5, 315), (2, 0), (6, 0), (4, 135), (3, 90), (5, 90), (2, 45), (6, 45), (4, 225), (3, 270), (5, 270), (2, 315), (6, 315), (1, 0), (7, 0), (4, 180), (3, 135), (5, 135), (2, 90), (6, 90), (1, 45), (7, 45), (3, 225), (5, 225), (2, 270), (6, 270), (1, 315), (7, 315), (3, 180), (5, 180), (2, 135)]
Iteration #42 -------------------------
Current node: (6, 135)
Frontier: [(1, 90), (7, 90), (0, 45), (2, 225), (6, 225), (1, 270), (7, 270), (0, 315), (2, 180), (6, 180), (1, 135), (7, 135)]
Explored States: [(4, 0), (4, 45), (4, 315), (3, 0), (5, 0), (4, 90), (3, 45), (5, 45), (4, 270), (3, 315), (5, 315), (2, 0), (6, 0), (4, 135), (3, 90), (5, 90), (2, 45), (6, 45), (4, 225), (3, 270), (5, 270), (2, 315), (6, 315), (1, 0), (7, 0), (4, 180), (3, 135), (5, 135), (2, 90), (6, 90), (1, 45), (7, 45), (3, 225), (5, 225), (2, 270), (6, 270), (1, 315), (7, 315), (3, 180), (5, 180), (2, 135), (6, 135)]
Iteration #43 -------------------------
Current node: (1, 90)
Frontier: [(7, 90), (0, 45), (2, 225), (6, 225), (1, 270), (7, 270), (0, 315), (2, 180), (6, 180), (1, 135), (7, 135), (0, 90)]
Explored States: [(4, 0), (4, 45), (4, 315), (3, 0), (5, 0), (4, 90), (3, 45), (5, 45), (4, 270), (3, 315), (5, 315), (2, 0), (6, 0), (4, 135), (3, 90), (5, 90), (2, 45), (6, 45), (4, 225), (3, 270), (5, 270), (2, 315), (6, 315), (1, 0), (7, 0), (4, 180), (3, 135), (5, 135), (2, 90), (6, 90), (1, 45), (7, 45), (3, 225), (5, 225), (2, 270), (6, 270), (1, 315), (7, 315), (3, 180), (5, 180), (2, 135), (6, 135), (1, 90)]
Iteration #44 -------------------------
Current node: (7, 90)
Frontier: [(0, 45), (2, 225), (6, 225), (1, 270), (7, 270), (0, 315), (2, 180), (6, 180), (1, 135), (7, 135), (0, 90)]
Explored States: [(4, 0), (4, 45), (4, 315), (3, 0), (5, 0), (4, 90), (3, 45), (5, 45), (4, 270), (3, 315), (5, 315), (2, 0), (6, 0), (4, 135), (3, 90), (5, 90), (2, 45), (6, 45), (4, 225), (3, 270), (5, 270), (2, 315), (6, 315), (1, 0), (7, 0), (4, 180), (3, 135), (5, 135), (2, 90), (6, 90), (1, 45), (7, 45), (3, 225), (5, 225), (2, 270), (6, 270), (1, 315), (7, 315), (3, 180), (5, 180), (2, 135), (6, 135), (1, 90), (7, 90)]

Path found using BFS in 11.234 ms!
Flight instructions (5) : [H90, H90, H180, H180, H180]
Path followed (6 states): [(4, 0), (4, 45), (4, 90), (5, 90), (6, 90), (7, 90)]
Solution path cost: 9.283

Current node depth: 5
Nodes created: 55
44 states expanded: [(4, 0), (4, 45), (4, 315), (3, 0), (5, 0), (4, 90), (3, 45), (5, 45), (4, 270), (3, 315), (5, 315), (2, 0), (6, 0), (4, 135), (3, 90), (5, 90), (2, 45), (6, 45), (4, 225), (3, 270), (5, 270), (2, 315), (6, 315), (1, 0), (7, 0), (4, 180), (3, 135), (5, 135), (2, 90), (6, 90), (1, 45), (7, 45), (3, 225), (5, 225), (2, 270), (6, 270), (1, 315), (7, 315), (3, 180), (5, 180), (2, 135), (6, 135), (1, 90), (7, 90)]
