Search type: BFS
Size of world N: 5
Start point: (1, 315)
End point: (4, 45)
Obstacles located at: []

[
    [(0, 0)]
    [(1, 0), (1, 45), (1, 90), (1, 135), (1, 180), (1, 225), (1, 270), (1, 315)]
    [(2, 0), (2, 45), (2, 90), (2, 135), (2, 180), (2, 225), (2, 270), (2, 315)]
    [(3, 0), (3, 45), (3, 90), (3, 135), (3, 180), (3, 225), (3, 270), (3, 315)]
    [(4, 0), (4, 45), (4, 90), (4, 135), (4, 180), (4, 225), (4, 270), (4, 315)]
]

Starting Breadth-First Search...
Iteration #1 -------------------------
Current node: (1, 315)
Frontier: [(1, 0), (1, 270), (0, 315), (2, 315)]
Explored States: [(1, 315)]
Iteration #2 -------------------------
Current node: (1, 0)
Frontier: [(1, 270), (0, 315), (2, 315), (1, 45), (2, 0)]
Explored States: [(1, 315), (1, 0)]
Iteration #3 -------------------------
Current node: (1, 270)
Frontier: [(0, 315), (2, 315), (1, 45), (2, 0), (1, 225), (0, 270), (2, 270)]
Explored States: [(1, 315), (1, 0), (1, 270)]
Iteration #4 -------------------------
Current node: (0, 315)
Frontier: [(2, 315), (1, 45), (2, 0), (1, 225), (0, 270), (2, 270)]
Explored States: [(1, 315), (1, 0), (1, 270), (0, 315)]
Iteration #5 -------------------------
Current node: (2, 315)
Frontier: [(1, 45), (2, 0), (1, 225), (0, 270), (2, 270), (3, 315)]
Explored States: [(1, 315), (1, 0), (1, 270), (0, 315), (2, 315)]
Iteration #6 -------------------------
Current node: (1, 45)
Frontier: [(2, 0), (1, 225), (0, 270), (2, 270), (3, 315), (1, 90), (0, 45), (2, 45)]
Explored States: [(1, 315), (1, 0), (1, 270), (0, 315), (2, 315), (1, 45)]
Iteration #7 -------------------------
Current node: (2, 0)
Frontier: [(1, 225), (0, 270), (2, 270), (3, 315), (1, 90), (0, 45), (2, 45), (3, 0)]
Explored States: [(1, 315), (1, 0), (1, 270), (0, 315), (2, 315), (1, 45), (2, 0)]
Iteration #8 -------------------------
Current node: (1, 225)
Frontier: [(0, 270), (2, 270), (3, 315), (1, 90), (0, 45), (2, 45), (3, 0), (1, 180), (0, 225), (2, 225)]
Explored States: [(1, 315), (1, 0), (1, 270), (0, 315), (2, 315), (1, 45), (2, 0), (1, 225)]
Iteration #9 -------------------------
Current node: (0, 270)
Frontier: [(2, 270), (3, 315), (1, 90), (0, 45), (2, 45), (3, 0), (1, 180), (0, 225), (2, 225)]
Explored States: [(1, 315), (1, 0), (1, 270), (0, 315), (2, 315), (1, 45), (2, 0), (1, 225), (0, 270)]
Iteration #10 -------------------------
Current node: (2, 270)
Frontier: [(3, 315), (1, 90), (0, 45), (2, 45), (3, 0), (1, 180), (0, 225), (2, 225), (3, 270)]
Explored States: [(1, 315), (1, 0), (1, 270), (0, 315), (2, 315), (1, 45), (2, 0), (1, 225), (0, 270), (2, 270)]
Iteration #11 -------------------------
Current node: (3, 315)
Frontier: [(1, 90), (0, 45), (2, 45), (3, 0), (1, 180), (0, 225), (2, 225), (3, 270), (4, 315)]
Explored States: [(1, 315), (1, 0), (1, 270), (0, 315), (2, 315), (1, 45), (2, 0), (1, 225), (0, 270), (2, 270), (3, 315)]
Iteration #12 -------------------------
Current node: (1, 90)
Frontier: [(0, 45), (2, 45), (3, 0), (1, 180), (0, 225), (2, 225), (3, 270), (4, 315), (1, 135), (0, 90), (2, 90)]
Explored States: [(1, 315), (1, 0), (1, 270), (0, 315), (2, 315), (1, 45), (2, 0), (1, 225), (0, 270), (2, 270), (3, 315), (1, 90)]
Iteration #13 -------------------------
Current node: (0, 45)
Frontier: [(2, 45), (3, 0), (1, 180), (0, 225), (2, 225), (3, 270), (4, 315), (1, 135), (0, 90), (2, 90)]
Explored States: [(1, 315), (1, 0), (1, 270), (0, 315), (2, 315), (1, 45), (2, 0), (1, 225), (0, 270), (2, 270), (3, 315), (1, 90), (0, 45)]
Iteration #14 -------------------------
Current node: (2, 45)
Frontier: [(3, 0), (1, 180), (0, 225), (2, 225), (3, 270), (4, 315), (1, 135), (0, 90), (2, 90), (3, 45)]
Explored States: [(1, 315), (1, 0), (1, 270), (0, 315), (2, 315), (1, 45), (2, 0), (1, 225), (0, 270), (2, 270), (3, 315), (1, 90), (0, 45), (2, 45)]
Iteration #15 -------------------------
Current node: (3, 0)
Frontier: [(1, 180), (0, 225), (2, 225), (3, 270), (4, 315), (1, 135), (0, 90), (2, 90), (3, 45), (4, 0)]
Explored States: [(1, 315), (1, 0), (1, 270), (0, 315), (2, 315), (1, 45), (2, 0), (1, 225), (0, 270), (2, 270), (3, 315), (1, 90), (0, 45), (2, 45), (3, 0)]
Iteration #16 -------------------------
Current node: (1, 180)
Frontier: [(0, 225), (2, 225), (3, 270), (4, 315), (1, 135), (0, 90), (2, 90), (3, 45), (4, 0), (0, 180), (2, 180)]
Explored States: [(1, 315), (1, 0), (1, 270), (0, 315), (2, 315), (1, 45), (2, 0), (1, 225), (0, 270), (2, 270), (3, 315), (1, 90), (0, 45), (2, 45), (3, 0), (1, 180)]
Iteration #17 -------------------------
Current node: (0, 225)
Frontier: [(2, 225), (3, 270), (4, 315), (1, 135), (0, 90), (2, 90), (3, 45), (4, 0), (0, 180), (2, 180)]
Explored States: [(1, 315), (1, 0), (1, 270), (0, 315), (2, 315), (1, 45), (2, 0), (1, 225), (0, 270), (2, 270), (3, 315), (1, 90), (0, 45), (2, 45), (3, 0), (1, 180), (0, 225)]
Iteration #18 -------------------------
Current node: (2, 225)
Frontier: [(3, 270), (4, 315), (1, 135), (0, 90), (2, 90), (3, 45), (4, 0), (0, 180), (2, 180), (3, 225)]
Explored States: [(1, 315), (1, 0), (1, 270), (0, 315), (2, 315), (1, 45), (2, 0), (1, 225), (0, 270), (2, 270), (3, 315), (1, 90), (0, 45), (2, 45), (3, 0), (1, 180), (0, 225), (2, 225)]
Iteration #19 -------------------------
Current node: (3, 270)
Frontier: [(4, 315), (1, 135), (0, 90), (2, 90), (3, 45), (4, 0), (0, 180), (2, 180), (3, 225), (4, 270)]
Explored States: [(1, 315), (1, 0), (1, 270), (0, 315), (2, 315), (1, 45), (2, 0), (1, 225), (0, 270), (2, 270), (3, 315), (1, 90), (0, 45), (2, 45), (3, 0), (1, 180), (0, 225), (2, 225), (3, 270)]
Iteration #20 -------------------------
Current node: (4, 315)
Frontier: [(1, 135), (0, 90), (2, 90), (3, 45), (4, 0), (0, 180), (2, 180), (3, 225), (4, 270)]
Explored States: [(1, 315), (1, 0), (1, 270), (0, 315), (2, 315), (1, 45), (2, 0), (1, 225), (0, 270), (2, 270), (3, 315), (1, 90), (0, 45), (2, 45), (3, 0), (1, 180), (0, 225), (2, 225), (3, 270), (4, 315)]
Iteration #21 -------------------------
Current node: (1, 135)
Frontier: [(0, 90), (2, 90), (3, 45), (4, 0), (0, 180), (2, 180), (3, 225), (4, 270), (0, 135), (2, 135)]
Explored States: [(1, 315), (1, 0), (1, 270), (0, 315), (2, 315), (1, 45), (2, 0), (1, 225), (0, 270), (2, 270), (3, 315), (1, 90), (0, 45), (2, 45), (3, 0), (1, 180), (0, 225), (2, 225), (3, 270), (4, 315), (1, 135)]
Iteration #22 -------------------------
Current node: (0, 90)
Frontier: [(2, 90), (3, 45), (4, 0), (0, 180), (2, 180), (3, 225), (4, 270), (0, 135), (2, 135)]
Explored States: [(1, 315), (1, 0), (1, 270), (0, 315), (2, 315), (1, 45), (2, 0), (1, 225), (0, 270), (2, 270), (3, 315), (1, 90), (0, 45), (2, 45), (3, 0), (1, 180), (0, 225), (2, 225), (3, 270), (4, 315), (1, 135), (0, 90)]
Iteration #23 -------------------------
Current node: (2, 90)
Frontier: [(3, 45), (4, 0), (0, 180), (2, 180), (3, 225), (4, 270), (0, 135), (2, 135), (3, 90)]
Explored States: [(1, 315), (1, 0), (1, 270), (0, 315), (2, 315), (1, 45), (2, 0), (1, 225), (0, 270), (2, 270), (3, 315), (1, 90), (0, 45), (2, 45), (3, 0), (1, 180), (0, 225), (2, 225), (3, 270), (4, 315), (1, 135), (0, 90), (2, 90)]
Iteration #24 -------------------------
Current node: (3, 45)
Frontier: [(4, 0), (0, 180), (2, 180), (3, 225), (4, 270), (0, 135), (2, 135), (3, 90), (4, 45)]
Explored States: [(1, 315), (1, 0), (1, 270), (0, 315), (2, 315), (1, 45), (2, 0), (1, 225), (0, 270), (2, 270), (3, 315), (1, 90), (0, 45), (2, 45), (3, 0), (1, 180), (0, 225), (2, 225), (3, 270), (4, 315), (1, 135), (0, 90), (2, 90), (3, 45)]
Iteration #25 -------------------------
Current node: (4, 0)
Frontier: [(0, 180), (2, 180), (3, 225), (4, 270), (0, 135), (2, 135), (3, 90), (4, 45)]
Explored States: [(1, 315), (1, 0), (1, 270), (0, 315), (2, 315), (1, 45), (2, 0), (1, 225), (0, 270), (2, 270), (3, 315), (1, 90), (0, 45), (2, 45), (3, 0), (1, 180), (0, 225), (2, 225), (3, 270), (4, 315), (1, 135), (0, 90), (2, 90), (3, 45), (4, 0)]
Iteration #26 -------------------------
Current node: (0, 180)
Frontier: [(2, 180), (3, 225), (4, 270), (0, 135), (2, 135), (3, 90), (4, 45)]
Explored States: [(1, 315), (1, 0), (1, 270), (0, 315), (2, 315), (1, 45), (2, 0), (1, 225), (0, 270), (2, 270), (3, 315), (1, 90), (0, 45), (2, 45), (3, 0), (1, 180), (0, 225), (2, 225), (3, 270), (4, 315), (1, 135), (0, 90), (2, 90), (3, 45), (4, 0), (0, 180)]
Iteration #27 -------------------------
Current node: (2, 180)
Frontier: [(3, 225), (4, 270), (0, 135), (2, 135), (3, 90), (4, 45), (3, 180)]
Explored States: [(1, 315), (1, 0), (1, 270), (0, 315), (2, 315), (1, 45), (2, 0), (1, 225), (0, 270), (2, 270), (3, 315), (1, 90), (0, 45), (2, 45), (3, 0), (1, 180), (0, 225), (2, 225), (3, 270), (4, 315), (1, 135), (0, 90), (2, 90), (3, 45), (4, 0), (0, 180), (2, 180)]
Iteration #28 -------------------------
Current node: (3, 225)
Frontier: [(4, 270), (0, 135), (2, 135), (3, 90), (4, 45), (3, 180), (4, 225)]
Explored States: [(1, 315), (1, 0), (1, 270), (0, 315), (2, 315), (1, 45), (2, 0), (1, 225), (0, 270), (2, 270), (3, 315), (1, 90), (0, 45), (2, 45), (3, 0), (1, 180), (0, 225), (2, 225), (3, 270), (4, 315), (1, 135), (0, 90), (2, 90), (3, 45), (4, 0), (0, 180), (2, 180), (3, 225)]
Iteration #29 -------------------------
Current node: (4, 270)
Frontier: [(0, 135), (2, 135), (3, 90), (4, 45), (3, 180), (4, 225)]
Explored States: [(1, 315), (1, 0), (1, 270), (0, 315), (2, 315), (1, 45), (2, 0), (1, 225), (0, 270), (2, 270), (3, 315), (1, 90), (0, 45), (2, 45), (3, 0), (1, 180), (0, 225), (2, 225), (3, 270), (4, 315), (1, 135), (0, 90), (2, 90), (3, 45), (4, 0), (0, 180), (2, 180), (3, 225), (4, 270)]
Iteration #30 -------------------------
Current node: (0, 135)
Frontier: [(2, 135), (3, 90), (4, 45), (3, 180), (4, 225)]
Explored States: [(1, 315), (1, 0), (1, 270), (0, 315), (2, 315), (1, 45), (2, 0), (1, 225), (0, 270), (2, 270), (3, 315), (1, 90), (0, 45), (2, 45), (3, 0), (1, 180), (0, 225), (2, 225), (3, 270), (4, 315), (1, 135), (0, 90), (2, 90), (3, 45), (4, 0), (0, 180), (2, 180), (3, 225), (4, 270), (0, 135)]
Iteration #31 -------------------------
Current node: (2, 135)
Frontier: [(3, 90), (4, 45), (3, 180), (4, 225), (3, 135)]
Explored States: [(1, 315), (1, 0), (1, 270), (0, 315), (2, 315), (1, 45), (2, 0), (1, 225), (0, 270), (2, 270), (3, 315), (1, 90), (0, 45), (2, 45), (3, 0), (1, 180), (0, 225), (2, 225), (3, 270), (4, 315), (1, 135), (0, 90), (2, 90), (3, 45), (4, 0), (0, 180), (2, 180), (3, 225), (4, 270), (0, 135), (2, 135)]
Iteration #32 -------------------------
Current node: (3, 90)
Frontier: [(4, 45), (3, 180), (4, 225), (3, 135), (4, 90)]
Explored States: [(1, 315), (1, 0), (1, 270), (0, 315), (2, 315), (1, 45), (2, 0), (1, 225), (0, 270), (2, 270), (3, 315), (1, 90), (0, 45), (2, 45), (3, 0), (1, 180), (0, 225), (2, 225), (3, 270), (4, 315), (1, 135), (0, 90), (2, 90), (3, 45), (4, 0), (0, 180), (2, 180), (3, 225), (4, 270), (0, 135), (2, 135), (3, 90)]
Iteration #33 -------------------------
Current node: (4, 45)
Frontier: [(3, 180), (4, 225), (3, 135), (4, 90)]
Explored States: [(1, 315), (1, 0), (1, 270), (0, 315), (2, 315), (1, 45), (2, 0), (1, 225), (0, 270), (2, 270), (3, 315), (1, 90), (0, 45), (2, 45), (3, 0), (1, 180), (0, 225), (2, 225), (3, 270), (4, 315), (1, 135), (0, 90), (2, 90), (3, 45), (4, 0), (0, 180), (2, 180), (3, 225), (4, 270), (0, 135), (2, 135), (3, 90), (4, 45)]

Path found using BFS in 7.841 ms!
Flight instructions (5) : [H90, H90, H180, H180, H180]
Path followed (6 states): [(1, 315), (1, 0), (1, 45), (2, 45), (3, 45), (4, 45)]
Solution path cost: 4.571

Current node depth: 5
Nodes created: 37
33 states expanded: [(1, 315), (1, 0), (1, 270), (0, 315), (2, 315), (1, 45), (2, 0), (1, 225), (0, 270), (2, 270), (3, 315), (1, 90), (0, 45), (2, 45), (3, 0), (1, 180), (0, 225), (2, 225), (3, 270), (4, 315), (1, 135), (0, 90), (2, 90), (3, 45), (4, 0), (0, 180), (2, 180), (3, 225), (4, 270), (0, 135), (2, 135), (3, 90), (4, 45)]
