Search type: BFS
Size of world N: 5
Start point: (1, 180)
End point: (4, 180)
Obstacles located at: []

[
    [(0, 0)]
    [(1, 0), (1, 45), (1, 90), (1, 135), (1, 180), (1, 225), (1, 270), (1, 315)]
    [(2, 0), (2, 45), (2, 90), (2, 135), (2, 180), (2, 225), (2, 270), (2, 315)]
    [(3, 0), (3, 45), (3, 90), (3, 135), (3, 180), (3, 225), (3, 270), (3, 315)]
    [(4, 0), (4, 45), (4, 90), (4, 135), (4, 180), (4, 225), (4, 270), (4, 315)]
]

Starting Breadth-First Search...
Iteration #1 -------------------------
Current node: (1, 180)
Frontier: [(1, 225), (1, 135), (0, 180), (2, 180)]
Explored States: [(1, 180)]
Iteration #2 -------------------------
Current node: (1, 225)
Frontier: [(1, 135), (0, 180), (2, 180), (1, 270), (0, 225), (2, 225)]
Explored States: [(1, 180), (1, 225)]
Iteration #3 -------------------------
Current node: (1, 135)
Frontier: [(0, 180), (2, 180), (1, 270), (0, 225), (2, 225), (1, 90), (0, 135), (2, 135)]
Explored States: [(1, 180), (1, 225), (1, 135)]
Iteration #4 -------------------------
Current node: (0, 180)
Frontier: [(2, 180), (1, 270), (0, 225), (2, 225), (1, 90), (0, 135), (2, 135)]
Explored States: [(1, 180), (1, 225), (1, 135), (0, 180)]
Iteration #5 -------------------------
Current node: (2, 180)
Frontier: [(1, 270), (0, 225), (2, 225), (1, 90), (0, 135), (2, 135), (3, 180)]
Explored States: [(1, 180), (1, 225), (1, 135), (0, 180), (2, 180)]
Iteration #6 -------------------------
Current node: (1, 270)
Frontier: [(0, 225), (2, 225), (1, 90), (0, 135), (2, 135), (3, 180), (1, 315), (0, 270), (2, 270)]
Explored States: [(1, 180), (1, 225), (1, 135), (0, 180), (2, 180), (1, 270)]
Iteration #7 -------------------------
Current node: (0, 225)
Frontier: [(2, 225), (1, 90), (0, 135), (2, 135), (3, 180), (1, 315), (0, 270), (2, 270)]
Explored States: [(1, 180), (1, 225), (1, 135), (0, 180), (2, 180), (1, 270), (0, 225)]
Iteration #8 -------------------------
Current node: (2, 225)
Frontier: [(1, 90), (0, 135), (2, 135), (3, 180), (1, 315), (0, 270), (2, 270), (3, 225)]
Explored States: [(1, 180), (1, 225), (1, 135), (0, 180), (2, 180), (1, 270), (0, 225), (2, 225)]
Iteration #9 -------------------------
Current node: (1, 90)
Frontier: [(0, 135), (2, 135), (3, 180), (1, 315), (0, 270), (2, 270), (3, 225), (1, 45), (0, 90), (2, 90)]
Explored States: [(1, 180), (1, 225), (1, 135), (0, 180), (2, 180), (1, 270), (0, 225), (2, 225), (1, 90)]
Iteration #10 -------------------------
Current node: (0, 135)
Frontier: [(2, 135), (3, 180), (1, 315), (0, 270), (2, 270), (3, 225), (1, 45), (0, 90), (2, 90)]
Explored States: [(1, 180), (1, 225), (1, 135), (0, 180), (2, 180), (1, 270), (0, 225), (2, 225), (1, 90), (0, 135)]
Iteration #11 -------------------------
Current node: (2, 135)
Frontier: [(3, 180), (1, 315), (0, 270), (2, 270), (3, 225), (1, 45), (0, 90), (2, 90), (3, 135)]
Explored States: [(1, 180), (1, 225), (1, 135), (0, 180), (2, 180), (1, 270), (0, 225), (2, 225), (1, 90), (0, 135), (2, 135)]
Iteration #12 -------------------------
Current node: (3, 180)
Frontier: [(1, 315), (0, 270), (2, 270), (3, 225), (1, 45), (0, 90), (2, 90), (3, 135), (4, 180)]
Explored States: [(1, 180), (1, 225), (1, 135), (0, 180), (2, 180), (1, 270), (0, 225), (2, 225), (1, 90), (0, 135), (2, 135), (3, 180)]
Iteration #13 -------------------------
Current node: (1, 315)
Frontier: [(0, 270), (2, 270), (3, 225), (1, 45), (0, 90), (2, 90), (3, 135), (4, 180), (1, 0), (0, 315), (2, 315)]
Explored States: [(1, 180), (1, 225), (1, 135), (0, 180), (2, 180), (1, 270), (0, 225), (2, 225), (1, 90), (0, 135), (2, 135), (3, 180), (1, 315)]
Iteration #14 -------------------------
Current node: (0, 270)
Frontier: [(2, 270), (3, 225), (1, 45), (0, 90), (2, 90), (3, 135), (4, 180), (1, 0), (0, 315), (2, 315)]
Explored States: [(1, 180), (1, 225), (1, 135), (0, 180), (2, 180), (1, 270), (0, 225), (2, 225), (1, 90), (0, 135), (2, 135), (3, 180), (1, 315), (0, 270)]
Iteration #15 -------------------------
Current node: (2, 270)
Frontier: [(3, 225), (1, 45), (0, 90), (2, 90), (3, 135), (4, 180), (1, 0), (0, 315), (2, 315), (3, 270)]
Explored States: [(1, 180), (1, 225), (1, 135), (0, 180), (2, 180), (1, 270), (0, 225), (2, 225), (1, 90), (0, 135), (2, 135), (3, 180), (1, 315), (0, 270), (2, 270)]
Iteration #16 -------------------------
Current node: (3, 225)
Frontier: [(1, 45), (0, 90), (2, 90), (3, 135), (4, 180), (1, 0), (0, 315), (2, 315), (3, 270), (4, 225)]
Explored States: [(1, 180), (1, 225), (1, 135), (0, 180), (2, 180), (1, 270), (0, 225), (2, 225), (1, 90), (0, 135), (2, 135), (3, 180), (1, 315), (0, 270), (2, 270), (3, 225)]
Iteration #17 -------------------------
Current node: (1, 45)
Frontier: [(0, 90), (2, 90), (3, 135), (4, 180), (1, 0), (0, 315), (2, 315), (3, 270), (4, 225), (0, 45), (2, 45)]
Explored States: [(1, 180), (1, 225), (1, 135), (0, 180), (2, 180), (1, 270), (0, 225), (2, 225), (1, 90), (0, 135), (2, 135), (3, 180), (1, 315), (0, 270), (2, 270), (3, 225), (1, 45)]
Iteration #18 -------------------------
Current node: (0, 90)
Frontier: [(2, 90), (3, 135), (4, 180), (1, 0), (0, 315), (2, 315), (3, 270), (4, 225), (0, 45), (2, 45)]
Explored States: [(1, 180), (1, 225), (1, 135), (0, 180), (2, 180), (1, 270), (0, 225), (2, 225), (1, 90), (0, 135), (2, 135), (3, 180), (1, 315), (0, 270), (2, 270), (3, 225), (1, 45), (0, 90)]
Iteration #19 -------------------------
Current node: (2, 90)
Frontier: [(3, 135), (4, 180), (1, 0), (0, 315), (2, 315), (3, 270), (4, 225), (0, 45), (2, 45), (3, 90)]
Explored States: [(1, 180), (1, 225), (1, 135), (0, 180), (2, 180), (1, 270), (0, 225), (2, 225), (1, 90), (0, 135), (2, 135), (3, 180), (1, 315), (0, 270), (2, 270), (3, 225), (1, 45), (0, 90), (2, 90)]
Iteration #20 -------------------------
Current node: (3, 135)
Frontier: [(4, 180), (1, 0), (0, 315), (2, 315), (3, 270), (4, 225), (0, 45), (2, 45), (3, 90), (4, 135)]
Explored States: [(1, 180), (1, 225), (1, 135), (0, 180), (2, 180), (1, 270), (0, 225), (2, 225), (1, 90), (0, 135), (2, 135), (3, 180), (1, 315), (0, 270), (2, 270), (3, 225), (1, 45), (0, 90), (2, 90), (3, 135)]
Iteration #21 -------------------------
Current node: (4, 180)
Frontier: [(1, 0), (0, 315), (2, 315), (3, 270), (4, 225), (0, 45), (2, 45), (3, 90), (4, 135)]
Explored States: [(1, 180), (1, 225), (1, 135), (0, 180), (2, 180), (1, 270), (0, 225), (2, 225), (1, 90), (0, 135), (2, 135), (3, 180), (1, 315), (0, 270), (2, 270), (3, 225), (1, 45), (0, 90), (2, 90), (3, 135), (4, 180)]

Path found using BFS in 5.606 ms!
Flight instructions (3) : [H180, H180, H180]
Path followed (4 states): [(1, 180), (2, 180), (3, 180), (4, 180)]
Solution path cost: 3.0

Current node depth: 3
Nodes created: 30
21 states expanded: [(1, 180), (1, 225), (1, 135), (0, 180), (2, 180), (1, 270), (0, 225), (2, 225), (1, 90), (0, 135), (2, 135), (3, 180), (1, 315), (0, 270), (2, 270), (3, 225), (1, 45), (0, 90), (2, 90), (3, 135), (4, 180)]
