Search type: BFS
Size of world N: 5
Start point: (2, 0)
End point: (2, 135)
Obstacles located at: []

[
    [(0, 0)]
    [(1, 0), (1, 45), (1, 90), (1, 135), (1, 180), (1, 225), (1, 270), (1, 315)]
    [(2, 0), (2, 45), (2, 90), (2, 135), (2, 180), (2, 225), (2, 270), (2, 315)]
    [(3, 0), (3, 45), (3, 90), (3, 135), (3, 180), (3, 225), (3, 270), (3, 315)]
    [(4, 0), (4, 45), (4, 90), (4, 135), (4, 180), (4, 225), (4, 270), (4, 315)]
]

Starting Breadth-First Search...
Iteration #1 -------------------------
Current node: (2, 0)
Frontier: [(2, 45), (2, 315), (1, 0), (3, 0)]
Explored States: [(2, 0)]
Iteration #2 -------------------------
Current node: (2, 45)
Frontier: [(2, 315), (1, 0), (3, 0), (2, 90), (1, 45), (3, 45)]
Explored States: [(2, 0), (2, 45)]
Iteration #3 -------------------------
Current node: (2, 315)
Frontier: [(1, 0), (3, 0), (2, 90), (1, 45), (3, 45), (2, 270), (1, 315), (3, 315)]
Explored States: [(2, 0), (2, 45), (2, 315)]
Iteration #4 -------------------------
Current node: (1, 0)
Frontier: [(3, 0), (2, 90), (1, 45), (3, 45), (2, 270), (1, 315), (3, 315)]
Explored States: [(2, 0), (2, 45), (2, 315), (1, 0)]
Iteration #5 -------------------------
Current node: (3, 0)
Frontier: [(2, 90), (1, 45), (3, 45), (2, 270), (1, 315), (3, 315), (4, 0)]
Explored States: [(2, 0), (2, 45), (2, 315), (1, 0), (3, 0)]
Iteration #6 -------------------------
Current node: (2, 90)
Frontier: [(1, 45), (3, 45), (2, 270), (1, 315), (3, 315), (4, 0), (2, 135), (1, 90), (3, 90)]
Explored States: [(2, 0), (2, 45), (2, 315), (1, 0), (3, 0), (2, 90)]
Iteration #7 -------------------------
Current node: (1, 45)
Frontier: [(3, 45), (2, 270), (1, 315), (3, 315), (4, 0), (2, 135), (1, 90), (3, 90), (0, 45)]
Explored States: [(2, 0), (2, 45), (2, 315), (1, 0), (3, 0), (2, 90), (1, 45)]
Iteration #8 -------------------------
Current node: (3, 45)
Frontier: [(2, 270), (1, 315), (3, 315), (4, 0), (2, 135), (1, 90), (3, 90), (0, 45), (4, 45)]
Explored States: [(2, 0), (2, 45), (2, 315), (1, 0), (3, 0), (2, 90), (1, 45), (3, 45)]
Iteration #9 -------------------------
Current node: (2, 270)
Frontier: [(1, 315), (3, 315), (4, 0), (2, 135), (1, 90), (3, 90), (0, 45), (4, 45), (2, 225), (1, 270), (3, 270)]
Explored States: [(2, 0), (2, 45), (2, 315), (1, 0), (3, 0), (2, 90), (1, 45), (3, 45), (2, 270)]
Iteration #10 -------------------------
Current node: (1, 315)
Frontier: [(3, 315), (4, 0), (2, 135), (1, 90), (3, 90), (0, 45), (4, 45), (2, 225), (1, 270), (3, 270), (0, 315)]
Explored States: [(2, 0), (2, 45), (2, 315), (1, 0), (3, 0), (2, 90), (1, 45), (3, 45), (2, 270), (1, 315)]
Iteration #11 -------------------------
Current node: (3, 315)
Frontier: [(4, 0), (2, 135), (1, 90), (3, 90), (0, 45), (4, 45), (2, 225), (1, 270), (3, 270), (0, 315), (4, 315)]
Explored States: [(2, 0), (2, 45), (2, 315), (1, 0), (3, 0), (2, 90), (1, 45), (3, 45), (2, 270), (1, 315), (3, 315)]
Iteration #12 -------------------------
Current node: (4, 0)
Frontier: [(2, 135), (1, 90), (3, 90), (0, 45), (4, 45), (2, 225), (1, 270), (3, 270), (0, 315), (4, 315)]
Explored States: [(2, 0), (2, 45), (2, 315), (1, 0), (3, 0), (2, 90), (1, 45), (3, 45), (2, 270), (1, 315), (3, 315), (4, 0)]
Iteration #13 -------------------------
Current node: (2, 135)
Frontier: [(1, 90), (3, 90), (0, 45), (4, 45), (2, 225), (1, 270), (3, 270), (0, 315), (4, 315)]
Explored States: [(2, 0), (2, 45), (2, 315), (1, 0), (3, 0), (2, 90), (1, 45), (3, 45), (2, 270), (1, 315), (3, 315), (4, 0), (2, 135)]

Path found using BFS in 3.921 ms!
Flight instructions (3) : [H90, H90, H90]
Path followed (4 states): [(2, 0), (2, 45), (2, 90), (2, 135)]
Solution path cost: 4.712

Current node depth: 3
Nodes created: 22
13 states expanded: [(2, 0), (2, 45), (2, 315), (1, 0), (3, 0), (2, 90), (1, 45), (3, 45), (2, 270), (1, 315), (3, 315), (4, 0), (2, 135)]
