Search type: BFS
Size of world N: 10
Start point: (7, 270)
End point: (7, 90)
Obstacles located at: []

[
    [(0, 0)]
    [(1, 0), (1, 45), (1, 90), (1, 135), (1, 180), (1, 225), (1, 270), (1, 315)]
    [(2, 0), (2, 45), (2, 90), (2, 135), (2, 180), (2, 225), (2, 270), (2, 315)]
    [(3, 0), (3, 45), (3, 90), (3, 135), (3, 180), (3, 225), (3, 270), (3, 315)]
    [(4, 0), (4, 45), (4, 90), (4, 135), (4, 180), (4, 225), (4, 270), (4, 315)]
    [(5, 0), (5, 45), (5, 90), (5, 135), (5, 180), (5, 225), (5, 270), (5, 315)]
    [(6, 0), (6, 45), (6, 90), (6, 135), (6, 180), (6, 225), (6, 270), (6, 315)]
    [(7, 0), (7, 45), (7, 90), (7, 135), (7, 180), (7, 225), (7, 270), (7, 315)]
    [(8, 0), (8, 45), (8, 90), (8, 135), (8, 180), (8, 225), (8, 270), (8, 315)]
    [(9, 0), (9, 45), (9, 90), (9, 135), (9, 180), (9, 225), (9, 270), (9, 315)]
]

Starting Breadth-First Search...
Iteration #1 -------------------------
Current node: (7, 270)
Frontier: [(7, 315), (7, 225), (6, 270), (8, 270)]
Explored States: [(7, 270)]
Iteration #2 -------------------------
Current node: (7, 315)
Frontier: [(7, 225), (6, 270), (8, 270), (7, 0), (6, 315), (8, 315)]
Explored States: [(7, 270), (7, 315)]
Iteration #3 -------------------------
Current node: (7, 225)
Frontier: [(6, 270), (8, 270), (7, 0), (6, 315), (8, 315), (7, 180), (6, 225), (8, 225)]
Explored States: [(7, 270), (7, 315), (7, 225)]
Iteration #4 -------------------------
Current node: (6, 270)
Frontier: [(8, 270), (7, 0), (6, 315), (8, 315), (7, 180), (6, 225), (8, 225), (5, 270)]
Explored States: [(7, 270), (7, 315), (7, 225), (6, 270)]
Iteration #5 -------------------------
Current node: (8, 270)
Frontier: [(7, 0), (6, 315), (8, 315), (7, 180), (6, 225), (8, 225), (5, 270), (9, 270)]
Explored States: [(7, 270), (7, 315), (7, 225), (6, 270), (8, 270)]
Iteration #6 -------------------------
Current node: (7, 0)
Frontier: [(6, 315), (8, 315), (7, 180), (6, 225), (8, 225), (5, 270), (9, 270), (7, 45), (6, 0), (8, 0)]
Explored States: [(7, 270), (7, 315), (7, 225), (6, 270), (8, 270), (7, 0)]
Iteration #7 -------------------------
Current node: (6, 315)
Frontier: [(8, 315), (7, 180), (6, 225), (8, 225), (5, 270), (9, 270), (7, 45), (6, 0), (8, 0), (5, 315)]
Explored States: [(7, 270), (7, 315), (7, 225), (6, 270), (8, 270), (7, 0), (6, 315)]
Iteration #8 -------------------------
Current node: (8, 315)
Frontier: [(7, 180), (6, 225), (8, 225), (5, 270), (9, 270), (7, 45), (6, 0), (8, 0), (5, 315), (9, 315)]
Explored States: [(7, 270), (7, 315), (7, 225), (6, 270), (8, 270), (7, 0), (6, 315), (8, 315)]
Iteration #9 -------------------------
Current node: (7, 180)
Frontier: [(6, 225), (8, 225), (5, 270), (9, 270), (7, 45), (6, 0), (8, 0), (5, 315), (9, 315), (7, 135), (6, 180), (8, 180)]
Explored States: [(7, 270), (7, 315), (7, 225), (6, 270), (8, 270), (7, 0), (6, 315), (8, 315), (7, 180)]
Iteration #10 -------------------------
Current node: (6, 225)
Frontier: [(8, 225), (5, 270), (9, 270), (7, 45), (6, 0), (8, 0), (5, 315), (9, 315), (7, 135), (6, 180), (8, 180), (5, 225)]
Explored States: [(7, 270), (7, 315), (7, 225), (6, 270), (8, 270), (7, 0), (6, 315), (8, 315), (7, 180), (6, 225)]
Iteration #11 -------------------------
Current node: (8, 225)
Frontier: [(5, 270), (9, 270), (7, 45), (6, 0), (8, 0), (5, 315), (9, 315), (7, 135), (6, 180), (8, 180), (5, 225), (9, 225)]
Explored States: [(7, 270), (7, 315), (7, 225), (6, 270), (8, 270), (7, 0), (6, 315), (8, 315), (7, 180), (6, 225), (8, 225)]
Iteration #12 -------------------------
Current node: (5, 270)
Frontier: [(9, 270), (7, 45), (6, 0), (8, 0), (5, 315), (9, 315), (7, 135), (6, 180), (8, 180), (5, 225), (9, 225), (4, 270)]
Explored States: [(7, 270), (7, 315), (7, 225), (6, 270), (8, 270), (7, 0), (6, 315), (8, 315), (7, 180), (6, 225), (8, 225), (5, 270)]
Iteration #13 -------------------------
Current node: (9, 270)
Frontier: [(7, 45), (6, 0), (8, 0), (5, 315), (9, 315), (7, 135), (6, 180), (8, 180), (5, 225), (9, 225), (4, 270)]
Explored States: [(7, 270), (7, 315), (7, 225), (6, 270), (8, 270), (7, 0), (6, 315), (8, 315), (7, 180), (6, 225), (8, 225), (5, 270), (9, 270)]
Iteration #14 -------------------------
Current node: (7, 45)
Frontier: [(6, 0), (8, 0), (5, 315), (9, 315), (7, 135), (6, 180), (8, 180), (5, 225), (9, 225), (4, 270), (7, 90), (6, 45), (8, 45)]
Explored States: [(7, 270), (7, 315), (7, 225), (6, 270), (8, 270), (7, 0), (6, 315), (8, 315), (7, 180), (6, 225), (8, 225), (5, 270), (9, 270), (7, 45)]
Iteration #15 -------------------------
Current node: (6, 0)
Frontier: [(8, 0), (5, 315), (9, 315), (7, 135), (6, 180), (8, 180), (5, 225), (9, 225), (4, 270), (7, 90), (6, 45), (8, 45), (5, 0)]
Explored States: [(7, 270), (7, 315), (7, 225), (6, 270), (8, 270), (7, 0), (6, 315), (8, 315), (7, 180), (6, 225), (8, 225), (5, 270), (9, 270), (7, 45), (6, 0)]
Iteration #16 -------------------------
Current node: (8, 0)
Frontier: [(5, 315), (9, 315), (7, 135), (6, 180), (8, 180), (5, 225), (9, 225), (4, 270), (7, 90), (6, 45), (8, 45), (5, 0), (9, 0)]
Explored States: [(7, 270), (7, 315), (7, 225), (6, 270), (8, 270), (7, 0), (6, 315), (8, 315), (7, 180), (6, 225), (8, 225), (5, 270), (9, 270), (7, 45), (6, 0), (8, 0)]
Iteration #17 -------------------------
Current node: (5, 315)
Frontier: [(9, 315), (7, 135), (6, 180), (8, 180), (5, 225), (9, 225), (4, 270), (7, 90), (6, 45), (8, 45), (5, 0), (9, 0), (4, 315)]
Explored States: [(7, 270), (7, 315), (7, 225), (6, 270), (8, 270), (7, 0), (6, 315), (8, 315), (7, 180), (6, 225), (8, 225), (5, 270), (9, 270), (7, 45), (6, 0), (8, 0), (5, 315)]
Iteration #18 -------------------------
Current node: (9, 315)
Frontier: [(7, 135), (6, 180), (8, 180), (5, 225), (9, 225), (4, 270), (7, 90), (6, 45), (8, 45), (5, 0), (9, 0), (4, 315)]
Explored States: [(7, 270), (7, 315), (7, 225), (6, 270), (8, 270), (7, 0), (6, 315), (8, 315), (7, 180), (6, 225), (8, 225), (5, 270), (9, 270), (7, 45), (6, 0), (8, 0), (5, 315), (9, 315)]
Iteration #19 -------------------------
Current node: (7, 135)
Frontier: [(6, 180), (8, 180), (5, 225), (9, 225), (4, 270), (7, 90), (6, 45), (8, 45), (5, 0), (9, 0), (4, 315), (6, 135), (8, 135)]
Explored States: [(7, 270), (7, 315), (7, 225), (6, 270), (8, 270), (7, 0), (6, 315), (8, 315), (7, 180), (6, 225), (8, 225), (5, 270), (9, 270), (7, 45), (6, 0), (8, 0), (5, 315), (9, 315), (7, 135)]
Iteration #20 -------------------------
Current node: (6, 180)
Frontier: [(8, 180), (5, 225), (9, 225), (4, 270), (7, 90), (6, 45), (8, 45), (5, 0), (9, 0), (4, 315), (6, 135), (8, 135), (5, 180)]
Explored States: [(7, 270), (7, 315), (7, 225), (6, 270), (8, 270), (7, 0), (6, 315), (8, 315), (7, 180), (6, 225), (8, 225), (5, 270), (9, 270), (7, 45), (6, 0), (8, 0), (5, 315), (9, 315), (7, 135), (6, 180)]
Iteration #21 -------------------------
Current node: (8, 180)
Frontier: [(5, 225), (9, 225), (4, 270), (7, 90), (6, 45), (8, 45), (5, 0), (9, 0), (4, 315), (6, 135), (8, 135), (5, 180), (9, 180)]
Explored States: [(7, 270), (7, 315), (7, 225), (6, 270), (8, 270), (7, 0), (6, 315), (8, 315), (7, 180), (6, 225), (8, 225), (5, 270), (9, 270), (7, 45), (6, 0), (8, 0), (5, 315), (9, 315), (7, 135), (6, 180), (8, 180)]
Iteration #22 -------------------------
Current node: (5, 225)
Frontier: [(9, 225), (4, 270), (7, 90), (6, 45), (8, 45), (5, 0), (9, 0), (4, 315), (6, 135), (8, 135), (5, 180), (9, 180), (4, 225)]
Explored States: [(7, 270), (7, 315), (7, 225), (6, 270), (8, 270), (7, 0), (6, 315), (8, 315), (7, 180), (6, 225), (8, 225), (5, 270), (9, 270), (7, 45), (6, 0), (8, 0), (5, 315), (9, 315), (7, 135), (6, 180), (8, 180), (5, 225)]
Iteration #23 -------------------------
Current node: (9, 225)
Frontier: [(4, 270), (7, 90), (6, 45), (8, 45), (5, 0), (9, 0), (4, 315), (6, 135), (8, 135), (5, 180), (9, 180), (4, 225)]
Explored States: [(7, 270), (7, 315), (7, 225), (6, 270), (8, 270), (7, 0), (6, 315), (8, 315), (7, 180), (6, 225), (8, 225), (5, 270), (9, 270), (7, 45), (6, 0), (8, 0), (5, 315), (9, 315), (7, 135), (6, 180), (8, 180), (5, 225), (9, 225)]
Iteration #24 -------------------------
Current node: (4, 270)
Frontier: [(7, 90), (6, 45), (8, 45), (5, 0), (9, 0), (4, 315), (6, 135), (8, 135), (5, 180), (9, 180), (4, 225), (3, 270)]
Explored States: [(7, 270), (7, 315), (7, 225), (6, 270), (8, 270), (7, 0), (6, 315), (8, 315), (7, 180), (6, 225), (8, 225), (5, 270), (9, 270), (7, 45), (6, 0), (8, 0), (5, 315), (9, 315), (7, 135), (6, 180), (8, 180), (5, 225), (9, 225), (4, 270)]
Iteration #25 -------------------------
Current node: (7, 90)
Frontier: [(6, 45), (8, 45), (5, 0), (9, 0), (4, 315), (6, 135), (8, 135), (5, 180), (9, 180), (4, 225), (3, 270)]
Explored States: [(7, 270), (7, 315), (7, 225), (6, 270), (8, 270), (7, 0), (6, 315), (8, 315), (7, 180), (6, 225), (8, 225), (5, 270), (9, 270), (7, 45), (6, 0), (8, 0), (5, 315), (9, 315), (7, 135), (6, 180), (8, 180), (5, 225), (9, 225), (4, 270), (7, 90)]

Path found using BFS in 5.964 ms!
Flight instructions (4) : [H90, H90, H90, H90]
Path followed (5 states): [(7, 270), (7, 315), (7, 0), (7, 45), (7, 90)]
Solution path cost: 21.991

Current node depth: 4
Nodes created: 36
25 states expanded: [(7, 270), (7, 315), (7, 225), (6, 270), (8, 270), (7, 0), (6, 315), (8, 315), (7, 180), (6, 225), (8, 225), (5, 270), (9, 270), (7, 45), (6, 0), (8, 0), (5, 315), (9, 315), (7, 135), (6, 180), (8, 180), (5, 225), (9, 225), (4, 270), (7, 90)]
