Search type: BFS
Size of world N: 10
Start point: (2, 45)
End point: (9, 225)
Obstacles located at: []

[
    [(0, 0)]
    [(1, 0), (1, 45), (1, 90), (1, 135), (1, 180), (1, 225), (1, 270), (1, 315)]
    [(2, 0), (2, 45), (2, 90), (2, 135), (2, 180), (2, 225), (2, 270), (2, 315)]
    [(3, 0), (3, 45), (3, 90), (3, 135), (3, 180), (3, 225), (3, 270), (3, 315)]
    [(4, 0), (4, 45), (4, 90), (4, 135), (4, 180), (4, 225), (4, 270), (4, 315)]
    [(5, 0), (5, 45), (5, 90), (5, 135), (5, 180), (5, 225), (5, 270), (5, 315)]
    [(6, 0), (6, 45), (6, 90), (6, 135), (6, 180), (6, 225), (6, 270), (6, 315)]
    [(7, 0), (7, 45), (7, 90), (7, 135), (7, 180), (7, 225), (7, 270), (7, 315)]
    [(8, 0), (8, 45), (8, 90), (8, 135), (8, 180), (8, 225), (8, 270), (8, 315)]
    [(9, 0), (9, 45), (9, 90), (9, 135), (9, 180), (9, 225), (9, 270), (9, 315)]
]

Starting Breadth-First Search...
Iteration #1 -------------------------
Current node: (2, 45)
Frontier: [(2, 90), (2, 0), (1, 45), (3, 45)]
Explored States: [(2, 45)]
Iteration #2 -------------------------
Current node: (2, 90)
Frontier: [(2, 0), (1, 45), (3, 45), (2, 135), (1, 90), (3, 90)]
Explored States: [(2, 45), (2, 90)]
Iteration #3 -------------------------
Current node: (2, 0)
Frontier: [(1, 45), (3, 45), (2, 135), (1, 90), (3, 90), (2, 315), (1, 0), (3, 0)]
Explored States: [(2, 45), (2, 90), (2, 0)]
Iteration #4 -------------------------
Current node: (1, 45)
Frontier: [(3, 45), (2, 135), (1, 90), (3, 90), (2, 315), (1, 0), (3, 0), (0, 45)]
Explored States: [(2, 45), (2, 90), (2, 0), (1, 45)]
Iteration #5 -------------------------
Current node: (3, 45)
Frontier: [(2, 135), (1, 90), (3, 90), (2, 315), (1, 0), (3, 0), (0, 45), (4, 45)]
Explored States: [(2, 45), (2, 90), (2, 0), (1, 45), (3, 45)]
Iteration #6 -------------------------
Current node: (2, 135)
Frontier: [(1, 90), (3, 90), (2, 315), (1, 0), (3, 0), (0, 45), (4, 45), (2, 180), (1, 135), (3, 135)]
Explored States: [(2, 45), (2, 90), (2, 0), (1, 45), (3, 45), (2, 135)]
Iteration #7 -------------------------
Current node: (1, 90)
Frontier: [(3, 90), (2, 315), (1, 0), (3, 0), (0, 45), (4, 45), (2, 180), (1, 135), (3, 135), (0, 90)]
Explored States: [(2, 45), (2, 90), (2, 0), (1, 45), (3, 45), (2, 135), (1, 90)]
Iteration #8 -------------------------
Current node: (3, 90)
Frontier: [(2, 315), (1, 0), (3, 0), (0, 45), (4, 45), (2, 180), (1, 135), (3, 135), (0, 90), (4, 90)]
Explored States: [(2, 45), (2, 90), (2, 0), (1, 45), (3, 45), (2, 135), (1, 90), (3, 90)]
Iteration #9 -------------------------
Current node: (2, 315)
Frontier: [(1, 0), (3, 0), (0, 45), (4, 45), (2, 180), (1, 135), (3, 135), (0, 90), (4, 90), (2, 270), (1, 315), (3, 315)]
Explored States: [(2, 45), (2, 90), (2, 0), (1, 45), (3, 45), (2, 135), (1, 90), (3, 90), (2, 315)]
Iteration #10 -------------------------
Current node: (1, 0)
Frontier: [(3, 0), (0, 45), (4, 45), (2, 180), (1, 135), (3, 135), (0, 90), (4, 90), (2, 270), (1, 315), (3, 315)]
Explored States: [(2, 45), (2, 90), (2, 0), (1, 45), (3, 45), (2, 135), (1, 90), (3, 90), (2, 315), (1, 0)]
Iteration #11 -------------------------
Current node: (3, 0)
Frontier: [(0, 45), (4, 45), (2, 180), (1, 135), (3, 135), (0, 90), (4, 90), (2, 270), (1, 315), (3, 315), (4, 0)]
Explored States: [(2, 45), (2, 90), (2, 0), (1, 45), (3, 45), (2, 135), (1, 90), (3, 90), (2, 315), (1, 0), (3, 0)]
Iteration #12 -------------------------
Current node: (0, 45)
Frontier: [(4, 45), (2, 180), (1, 135), (3, 135), (0, 90), (4, 90), (2, 270), (1, 315), (3, 315), (4, 0)]
Explored States: [(2, 45), (2, 90), (2, 0), (1, 45), (3, 45), (2, 135), (1, 90), (3, 90), (2, 315), (1, 0), (3, 0), (0, 45)]
Iteration #13 -------------------------
Current node: (4, 45)
Frontier: [(2, 180), (1, 135), (3, 135), (0, 90), (4, 90), (2, 270), (1, 315), (3, 315), (4, 0), (5, 45)]
Explored States: [(2, 45), (2, 90), (2, 0), (1, 45), (3, 45), (2, 135), (1, 90), (3, 90), (2, 315), (1, 0), (3, 0), (0, 45), (4, 45)]
Iteration #14 -------------------------
Current node: (2, 180)
Frontier: [(1, 135), (3, 135), (0, 90), (4, 90), (2, 270), (1, 315), (3, 315), (4, 0), (5, 45), (2, 225), (1, 180), (3, 180)]
Explored States: [(2, 45), (2, 90), (2, 0), (1, 45), (3, 45), (2, 135), (1, 90), (3, 90), (2, 315), (1, 0), (3, 0), (0, 45), (4, 45), (2, 180)]
Iteration #15 -------------------------
Current node: (1, 135)
Frontier: [(3, 135), (0, 90), (4, 90), (2, 270), (1, 315), (3, 315), (4, 0), (5, 45), (2, 225), (1, 180), (3, 180), (0, 135)]
Explored States: [(2, 45), (2, 90), (2, 0), (1, 45), (3, 45), (2, 135), (1, 90), (3, 90), (2, 315), (1, 0), (3, 0), (0, 45), (4, 45), (2, 180), (1, 135)]
Iteration #16 -------------------------
Current node: (3, 135)
Frontier: [(0, 90), (4, 90), (2, 270), (1, 315), (3, 315), (4, 0), (5, 45), (2, 225), (1, 180), (3, 180), (0, 135), (4, 135)]
Explored States: [(2, 45), (2, 90), (2, 0), (1, 45), (3, 45), (2, 135), (1, 90), (3, 90), (2, 315), (1, 0), (3, 0), (0, 45), (4, 45), (2, 180), (1, 135), (3, 135)]
Iteration #17 -------------------------
Current node: (0, 90)
Frontier: [(4, 90), (2, 270), (1, 315), (3, 315), (4, 0), (5, 45), (2, 225), (1, 180), (3, 180), (0, 135), (4, 135)]
Explored States: [(2, 45), (2, 90), (2, 0), (1, 45), (3, 45), (2, 135), (1, 90), (3, 90), (2, 315), (1, 0), (3, 0), (0, 45), (4, 45), (2, 180), (1, 135), (3, 135), (0, 90)]
Iteration #18 -------------------------
Current node: (4, 90)
Frontier: [(2, 270), (1, 315), (3, 315), (4, 0), (5, 45), (2, 225), (1, 180), (3, 180), (0, 135), (4, 135), (5, 90)]
Explored States: [(2, 45), (2, 90), (2, 0), (1, 45), (3, 45), (2, 135), (1, 90), (3, 90), (2, 315), (1, 0), (3, 0), (0, 45), (4, 45), (2, 180), (1, 135), (3, 135), (0, 90), (4, 90)]
Iteration #19 -------------------------
Current node: (2, 270)
Frontier: [(1, 315), (3, 315), (4, 0), (5, 45), (2, 225), (1, 180), (3, 180), (0, 135), (4, 135), (5, 90), (1, 270), (3, 270)]
Explored States: [(2, 45), (2, 90), (2, 0), (1, 45), (3, 45), (2, 135), (1, 90), (3, 90), (2, 315), (1, 0), (3, 0), (0, 45), (4, 45), (2, 180), (1, 135), (3, 135), (0, 90), (4, 90), (2, 270)]
Iteration #20 -------------------------
Current node: (1, 315)
Frontier: [(3, 315), (4, 0), (5, 45), (2, 225), (1, 180), (3, 180), (0, 135), (4, 135), (5, 90), (1, 270), (3, 270), (0, 315)]
Explored States: [(2, 45), (2, 90), (2, 0), (1, 45), (3, 45), (2, 135), (1, 90), (3, 90), (2, 315), (1, 0), (3, 0), (0, 45), (4, 45), (2, 180), (1, 135), (3, 135), (0, 90), (4, 90), (2, 270), (1, 315)]
Iteration #21 -------------------------
Current node: (3, 315)
Frontier: [(4, 0), (5, 45), (2, 225), (1, 180), (3, 180), (0, 135), (4, 135), (5, 90), (1, 270), (3, 270), (0, 315), (4, 315)]
Explored States: [(2, 45), (2, 90), (2, 0), (1, 45), (3, 45), (2, 135), (1, 90), (3, 90), (2, 315), (1, 0), (3, 0), (0, 45), (4, 45), (2, 180), (1, 135), (3, 135), (0, 90), (4, 90), (2, 270), (1, 315), (3, 315)]
Iteration #22 -------------------------
Current node: (4, 0)
Frontier: [(5, 45), (2, 225), (1, 180), (3, 180), (0, 135), (4, 135), (5, 90), (1, 270), (3, 270), (0, 315), (4, 315), (5, 0)]
Explored States: [(2, 45), (2, 90), (2, 0), (1, 45), (3, 45), (2, 135), (1, 90), (3, 90), (2, 315), (1, 0), (3, 0), (0, 45), (4, 45), (2, 180), (1, 135), (3, 135), (0, 90), (4, 90), (2, 270), (1, 315), (3, 315), (4, 0)]
Iteration #23 -------------------------
Current node: (5, 45)
Frontier: [(2, 225), (1, 180), (3, 180), (0, 135), (4, 135), (5, 90), (1, 270), (3, 270), (0, 315), (4, 315), (5, 0), (6, 45)]
Explored States: [(2, 45), (2, 90), (2, 0), (1, 45), (3, 45), (2, 135), (1, 90), (3, 90), (2, 315), (1, 0), (3, 0), (0, 45), (4, 45), (2, 180), (1, 135), (3, 135), (0, 90), (4, 90), (2, 270), (1, 315), (3, 315), (4, 0), (5, 45)]
Iteration #24 -------------------------
Current node: (2, 225)
Frontier: [(1, 180), (3, 180), (0, 135), (4, 135), (5, 90), (1, 270), (3, 270), (0, 315), (4, 315), (5, 0), (6, 45), (1, 225), (3, 225)]
Explored States: [(2, 45), (2, 90), (2, 0), (1, 45), (3, 45), (2, 135), (1, 90), (3, 90), (2, 315), (1, 0), (3, 0), (0, 45), (4, 45), (2, 180), (1, 135), (3, 135), (0, 90), (4, 90), (2, 270), (1, 315), (3, 315), (4, 0), (5, 45), (2, 225)]
Iteration #25 -------------------------
Current node: (1, 180)
Frontier: [(3, 180), (0, 135), (4, 135), (5, 90), (1, 270), (3, 270), (0, 315), (4, 315), (5, 0), (6, 45), (1, 225), (3, 225), (0, 180)]
Explored States: [(2, 45), (2, 90), (2, 0), (1, 45), (3, 45), (2, 135), (1, 90), (3, 90), (2, 315), (1, 0), (3, 0), (0, 45), (4, 45), (2, 180), (1, 135), (3, 135), (0, 90), (4, 90), (2, 270), (1, 315), (3, 315), (4, 0), (5, 45), (2, 225), (1, 180)]
Iteration #26 -------------------------
Current node: (3, 180)
Frontier: [(0, 135), (4, 135), (5, 90), (1, 270), (3, 270), (0, 315), (4, 315), (5, 0), (6, 45), (1, 225), (3, 225), (0, 180), (4, 180)]
Explored States: [(2, 45), (2, 90), (2, 0), (1, 45), (3, 45), (2, 135), (1, 90), (3, 90), (2, 315), (1, 0), (3, 0), (0, 45), (4, 45), (2, 180), (1, 135), (3, 135), (0, 90), (4, 90), (2, 270), (1, 315), (3, 315), (4, 0), (5, 45), (2, 225), (1, 180), (3, 180)]
Iteration #27 -------------------------
Current node: (0, 135)
Frontier: [(4, 135), (5, 90), (1, 270), (3, 270), (0, 315), (4, 315), (5, 0), (6, 45), (1, 225), (3, 225), (0, 180), (4, 180)]
Explored States: [(2, 45), (2, 90), (2, 0), (1, 45), (3, 45), (2, 135), (1, 90), (3, 90), (2, 315), (1, 0), (3, 0), (0, 45), (4, 45), (2, 180), (1, 135), (3, 135), (0, 90), (4, 90), (2, 270), (1, 315), (3, 315), (4, 0), (5, 45), (2, 225), (1, 180), (3, 180), (0, 135)]
Iteration #28 -------------------------
Current node: (4, 135)
Frontier: [(5, 90), (1, 270), (3, 270), (0, 315), (4, 315), (5, 0), (6, 45), (1, 225), (3, 225), (0, 180), (4, 180), (5, 135)]
Explored States: [(2, 45), (2, 90), (2, 0), (1, 45), (3, 45), (2, 135), (1, 90), (3, 90), (2, 315), (1, 0), (3, 0), (0, 45), (4, 45), (2, 180), (1, 135), (3, 135), (0, 90), (4, 90), (2, 270), (1, 315), (3, 315), (4, 0), (5, 45), (2, 225), (1, 180), (3, 180), (0, 135), (4, 135)]
Iteration #29 -------------------------
Current node: (5, 90)
Frontier: [(1, 270), (3, 270), (0, 315), (4, 315), (5, 0), (6, 45), (1, 225), (3, 225), (0, 180), (4, 180), (5, 135), (6, 90)]
Explored States: [(2, 45), (2, 90), (2, 0), (1, 45), (3, 45), (2, 135), (1, 90), (3, 90), (2, 315), (1, 0), (3, 0), (0, 45), (4, 45), (2, 180), (1, 135), (3, 135), (0, 90), (4, 90), (2, 270), (1, 315), (3, 315), (4, 0), (5, 45), (2, 225), (1, 180), (3, 180), (0, 135), (4, 135), (5, 90)]
Iteration #30 -------------------------
Current node: (1, 270)
Frontier: [(3, 270), (0, 315), (4, 315), (5, 0), (6, 45), (1, 225), (3, 225), (0, 180), (4, 180), (5, 135), (6, 90), (0, 270)]
Explored States: [(2, 45), (2, 90), (2, 0), (1, 45), (3, 45), (2, 135), (1, 90), (3, 90), (2, 315), (1, 0), (3, 0), (0, 45), (4, 45), (2, 180), (1, 135), (3, 135), (0, 90), (4, 90), (2, 270), (1, 315), (3, 315), (4, 0), (5, 45), (2, 225), (1, 180), (3, 180), (0, 135), (4, 135), (5, 90), (1, 270)]
Iteration #31 -------------------------
Current node: (3, 270)
Frontier: [(0, 315), (4, 315), (5, 0), (6, 45), (1, 225), (3, 225), (0, 180), (4, 180), (5, 135), (6, 90), (0, 270), (4, 270)]
Explored States: [(2, 45), (2, 90), (2, 0), (1, 45), (3, 45), (2, 135), (1, 90), (3, 90), (2, 315), (1, 0), (3, 0), (0, 45), (4, 45), (2, 180), (1, 135), (3, 135), (0, 90), (4, 90), (2, 270), (1, 315), (3, 315), (4, 0), (5, 45), (2, 225), (1, 180), (3, 180), (0, 135), (4, 135), (5, 90), (1, 270), (3, 270)]
Iteration #32 -------------------------
Current node: (0, 315)
Frontier: [(4, 315), (5, 0), (6, 45), (1, 225), (3, 225), (0, 180), (4, 180), (5, 135), (6, 90), (0, 270), (4, 270)]
Explored States: [(2, 45), (2, 90), (2, 0), (1, 45), (3, 45), (2, 135), (1, 90), (3, 90), (2, 315), (1, 0), (3, 0), (0, 45), (4, 45), (2, 180), (1, 135), (3, 135), (0, 90), (4, 90), (2, 270), (1, 315), (3, 315), (4, 0), (5, 45), (2, 225), (1, 180), (3, 180), (0, 135), (4, 135), (5, 90), (1, 270), (3, 270), (0, 315)]
Iteration #33 -------------------------
Current node: (4, 315)
Frontier: [(5, 0), (6, 45), (1, 225), (3, 225), (0, 180), (4, 180), (5, 135), (6, 90), (0, 270), (4, 270), (5, 315)]
Explored States: [(2, 45), (2, 90), (2, 0), (1, 45), (3, 45), (2, 135), (1, 90), (3, 90), (2, 315), (1, 0), (3, 0), (0, 45), (4, 45), (2, 180), (1, 135), (3, 135), (0, 90), (4, 90), (2, 270), (1, 315), (3, 315), (4, 0), (5, 45), (2, 225), (1, 180), (3, 180), (0, 135), (4, 135), (5, 90), (1, 270), (3, 270), (0, 315), (4, 315)]
Iteration #34 -------------------------
Current node: (5, 0)
Frontier: [(6, 45), (1, 225), (3, 225), (0, 180), (4, 180), (5, 135), (6, 90), (0, 270), (4, 270), (5, 315), (6, 0)]
Explored States: [(2, 45), (2, 90), (2, 0), (1, 45), (3, 45), (2, 135), (1, 90), (3, 90), (2, 315), (1, 0), (3, 0), (0, 45), (4, 45), (2, 180), (1, 135), (3, 135), (0, 90), (4, 90), (2, 270), (1, 315), (3, 315), (4, 0), (5, 45), (2, 225), (1, 180), (3, 180), (0, 135), (4, 135), (5, 90), (1, 270), (3, 270), (0, 315), (4, 315), (5, 0)]
Iteration #35 -------------------------
Current node: (6, 45)
Frontier: [(1, 225), (3, 225), (0, 180), (4, 180), (5, 135), (6, 90), (0, 270), (4, 270), (5, 315), (6, 0), (7, 45)]
Explored States: [(2, 45), (2, 90), (2, 0), (1, 45), (3, 45), (2, 135), (1, 90), (3, 90), (2, 315), (1, 0), (3, 0), (0, 45), (4, 45), (2, 180), (1, 135), (3, 135), (0, 90), (4, 90), (2, 270), (1, 315), (3, 315), (4, 0), (5, 45), (2, 225), (1, 180), (3, 180), (0, 135), (4, 135), (5, 90), (1, 270), (3, 270), (0, 315), (4, 315), (5, 0), (6, 45)]
Iteration #36 -------------------------
Current node: (1, 225)
Frontier: [(3, 225), (0, 180), (4, 180), (5, 135), (6, 90), (0, 270), (4, 270), (5, 315), (6, 0), (7, 45), (0, 225)]
Explored States: [(2, 45), (2, 90), (2, 0), (1, 45), (3, 45), (2, 135), (1, 90), (3, 90), (2, 315), (1, 0), (3, 0), (0, 45), (4, 45), (2, 180), (1, 135), (3, 135), (0, 90), (4, 90), (2, 270), (1, 315), (3, 315), (4, 0), (5, 45), (2, 225), (1, 180), (3, 180), (0, 135), (4, 135), (5, 90), (1, 270), (3, 270), (0, 315), (4, 315), (5, 0), (6, 45), (1, 225)]
Iteration #37 -------------------------
Current node: (3, 225)
Frontier: [(0, 180), (4, 180), (5, 135), (6, 90), (0, 270), (4, 270), (5, 315), (6, 0), (7, 45), (0, 225), (4, 225)]
Explored States: [(2, 45), (2, 90), (2, 0), (1, 45), (3, 45), (2, 135), (1, 90), (3, 90), (2, 315), (1, 0), (3, 0), (0, 45), (4, 45), (2, 180), (1, 135), (3, 135), (0, 90), (4, 90), (2, 270), (1, 315), (3, 315), (4, 0), (5, 45), (2, 225), (1, 180), (3, 180), (0, 135), (4, 135), (5, 90), (1, 270), (3, 270), (0, 315), (4, 315), (5, 0), (6, 45), (1, 225), (3, 225)]
Iteration #38 -------------------------
Current node: (0, 180)
Frontier: [(4, 180), (5, 135), (6, 90), (0, 270), (4, 270), (5, 315), (6, 0), (7, 45), (0, 225), (4, 225)]
Explored States: [(2, 45), (2, 90), (2, 0), (1, 45), (3, 45), (2, 135), (1, 90), (3, 90), (2, 315), (1, 0), (3, 0), (0, 45), (4, 45), (2, 180), (1, 135), (3, 135), (0, 90), (4, 90), (2, 270), (1, 315), (3, 315), (4, 0), (5, 45), (2, 225), (1, 180), (3, 180), (0, 135), (4, 135), (5, 90), (1, 270), (3, 270), (0, 315), (4, 315), (5, 0), (6, 45), (1, 225), (3, 225), (0, 180)]
Iteration #39 -------------------------
Current node: (4, 180)
Frontier: [(5, 135), (6, 90), (0, 270), (4, 270), (5, 315), (6, 0), (7, 45), (0, 225), (4, 225), (5, 180)]
Explored States: [(2, 45), (2, 90), (2, 0), (1, 45), (3, 45), (2, 135), (1, 90), (3, 90), (2, 315), (1, 0), (3, 0), (0, 45), (4, 45), (2, 180), (1, 135), (3, 135), (0, 90), (4, 90), (2, 270), (1, 315), (3, 315), (4, 0), (5, 45), (2, 225), (1, 180), (3, 180), (0, 135), (4, 135), (5, 90), (1, 270), (3, 270), (0, 315), (4, 315), (5, 0), (6, 45), (1, 225), (3, 225), (0, 180), (4, 180)]
Iteration #40 -------------------------
Current node: (5, 135)
Frontier: [(6, 90), (0, 270), (4, 270), (5, 315), (6, 0), (7, 45), (0, 225), (4, 225), (5, 180), (6, 135)]
Explored States: [(2, 45), (2, 90), (2, 0), (1, 45), (3, 45), (2, 135), (1, 90), (3, 90), (2, 315), (1, 0), (3, 0), (0, 45), (4, 45), (2, 180), (1, 135), (3, 135), (0, 90), (4, 90), (2, 270), (1, 315), (3, 315), (4, 0), (5, 45), (2, 225), (1, 180), (3, 180), (0, 135), (4, 135), (5, 90), (1, 270), (3, 270), (0, 315), (4, 315), (5, 0), (6, 45), (1, 225), (3, 225), (0, 180), (4, 180), (5, 135)]
Iteration #41 -------------------------
Current node: (6, 90)
Frontier: [(0, 270), (4, 270), (5, 315), (6, 0), (7, 45), (0, 225), (4, 225), (5, 180), (6, 135), (7, 90)]
Explored States: [(2, 45), (2, 90), (2, 0), (1, 45), (3, 45), (2, 135), (1, 90), (3, 90), (2, 315), (1, 0), (3, 0), (0, 45), (4, 45), (2, 180), (1, 135), (3, 135), (0, 90), (4, 90), (2, 270), (1, 315), (3, 315), (4, 0), (5, 45), (2, 225), (1, 180), (3, 180), (0, 135), (4, 135), (5, 90), (1, 270), (3, 270), (0, 315), (4, 315), (5, 0), (6, 45), (1, 225), (3, 225), (0, 180), (4, 180), (5, 135), (6, 90)]
Iteration #42 -------------------------
Current node: (0, 270)
Frontier: [(4, 270), (5, 315), (6, 0), (7, 45), (0, 225), (4, 225), (5, 180), (6, 135), (7, 90)]
Explored States: [(2, 45), (2, 90), (2, 0), (1, 45), (3, 45), (2, 135), (1, 90), (3, 90), (2, 315), (1, 0), (3, 0), (0, 45), (4, 45), (2, 180), (1, 135), (3, 135), (0, 90), (4, 90), (2, 270), (1, 315), (3, 315), (4, 0), (5, 45), (2, 225), (1, 180), (3, 180), (0, 135), (4, 135), (5, 90), (1, 270), (3, 270), (0, 315), (4, 315), (5, 0), (6, 45), (1, 225), (3, 225), (0, 180), (4, 180), (5, 135), (6, 90), (0, 270)]
Iteration #43 -------------------------
Current node: (4, 270)
Frontier: [(5, 315), (6, 0), (7, 45), (0, 225), (4, 225), (5, 180), (6, 135), (7, 90), (5, 270)]
Explored States: [(2, 45), (2, 90), (2, 0), (1, 45), (3, 45), (2, 135), (1, 90), (3, 90), (2, 315), (1, 0), (3, 0), (0, 45), (4, 45), (2, 180), (1, 135), (3, 135), (0, 90), (4, 90), (2, 270), (1, 315), (3, 315), (4, 0), (5, 45), (2, 225), (1, 180), (3, 180), (0, 135), (4, 135), (5, 90), (1, 270), (3, 270), (0, 315), (4, 315), (5, 0), (6, 45), (1, 225), (3, 225), (0, 180), (4, 180), (5, 135), (6, 90), (0, 270), (4, 270)]
Iteration #44 -------------------------
Current node: (5, 315)
Frontier: [(6, 0), (7, 45), (0, 225), (4, 225), (5, 180), (6, 135), (7, 90), (5, 270), (6, 315)]
Explored States: [(2, 45), (2, 90), (2, 0), (1, 45), (3, 45), (2, 135), (1, 90), (3, 90), (2, 315), (1, 0), (3, 0), (0, 45), (4, 45), (2, 180), (1, 135), (3, 135), (0, 90), (4, 90), (2, 270), (1, 315), (3, 315), (4, 0), (5, 45), (2, 225), (1, 180), (3, 180), (0, 135), (4, 135), (5, 90), (1, 270), (3, 270), (0, 315), (4, 315), (5, 0), (6, 45), (1, 225), (3, 225), (0, 180), (4, 180), (5, 135), (6, 90), (0, 270), (4, 270), (5, 315)]
Iteration #45 -------------------------
Current node: (6, 0)
Frontier: [(7, 45), (0, 225), (4, 225), (5, 180), (6, 135), (7, 90), (5, 270), (6, 315), (7, 0)]
Explored States: [(2, 45), (2, 90), (2, 0), (1, 45), (3, 45), (2, 135), (1, 90), (3, 90), (2, 315), (1, 0), (3, 0), (0, 45), (4, 45), (2, 180), (1, 135), (3, 135), (0, 90), (4, 90), (2, 270), (1, 315), (3, 315), (4, 0), (5, 45), (2, 225), (1, 180), (3, 180), (0, 135), (4, 135), (5, 90), (1, 270), (3, 270), (0, 315), (4, 315), (5, 0), (6, 45), (1, 225), (3, 225), (0, 180), (4, 180), (5, 135), (6, 90), (0, 270), (4, 270), (5, 315), (6, 0)]
Iteration #46 -------------------------
Current node: (7, 45)
Frontier: [(0, 225), (4, 225), (5, 180), (6, 135), (7, 90), (5, 270), (6, 315), (7, 0), (8, 45)]
Explored States: [(2, 45), (2, 90), (2, 0), (1, 45), (3, 45), (2, 135), (1, 90), (3, 90), (2, 315), (1, 0), (3, 0), (0, 45), (4, 45), (2, 180), (1, 135), (3, 135), (0, 90), (4, 90), (2, 270), (1, 315), (3, 315), (4, 0), (5, 45), (2, 225), (1, 180), (3, 180), (0, 135), (4, 135), (5, 90), (1, 270), (3, 270), (0, 315), (4, 315), (5, 0), (6, 45), (1, 225), (3, 225), (0, 180), (4, 180), (5, 135), (6, 90), (0, 270), (4, 270), (5, 315), (6, 0), (7, 45)]
Iteration #47 -------------------------
Current node: (0, 225)
Frontier: [(4, 225), (5, 180), (6, 135), (7, 90), (5, 270), (6, 315), (7, 0), (8, 45)]
Explored States: [(2, 45), (2, 90), (2, 0), (1, 45), (3, 45), (2, 135), (1, 90), (3, 90), (2, 315), (1, 0), (3, 0), (0, 45), (4, 45), (2, 180), (1, 135), (3, 135), (0, 90), (4, 90), (2, 270), (1, 315), (3, 315), (4, 0), (5, 45), (2, 225), (1, 180), (3, 180), (0, 135), (4, 135), (5, 90), (1, 270), (3, 270), (0, 315), (4, 315), (5, 0), (6, 45), (1, 225), (3, 225), (0, 180), (4, 180), (5, 135), (6, 90), (0, 270), (4, 270), (5, 315), (6, 0), (7, 45), (0, 225)]
Iteration #48 -------------------------
Current node: (4, 225)
Frontier: [(5, 180), (6, 135), (7, 90), (5, 270), (6, 315), (7, 0), (8, 45), (5, 225)]
Explored States: [(2, 45), (2, 90), (2, 0), (1, 45), (3, 45), (2, 135), (1, 90), (3, 90), (2, 315), (1, 0), (3, 0), (0, 45), (4, 45), (2, 180), (1, 135), (3, 135), (0, 90), (4, 90), (2, 270), (1, 315), (3, 315), (4, 0), (5, 45), (2, 225), (1, 180), (3, 180), (0, 135), (4, 135), (5, 90), (1, 270), (3, 270), (0, 315), (4, 315), (5, 0), (6, 45), (1, 225), (3, 225), (0, 180), (4, 180), (5, 135), (6, 90), (0, 270), (4, 270), (5, 315), (6, 0), (7, 45), (0, 225), (4, 225)]
Iteration #49 -------------------------
Current node: (5, 180)
Frontier: [(6, 135), (7, 90), (5, 270), (6, 315), (7, 0), (8, 45), (5, 225), (6, 180)]
Explored States: [(2, 45), (2, 90), (2, 0), (1, 45), (3, 45), (2, 135), (1, 90), (3, 90), (2, 315), (1, 0), (3, 0), (0, 45), (4, 45), (2, 180), (1, 135), (3, 135), (0, 90), (4, 90), (2, 270), (1, 315), (3, 315), (4, 0), (5, 45), (2, 225), (1, 180), (3, 180), (0, 135), (4, 135), (5, 90), (1, 270), (3, 270), (0, 315), (4, 315), (5, 0), (6, 45), (1, 225), (3, 225), (0, 180), (4, 180), (5, 135), (6, 90), (0, 270), (4, 270), (5, 315), (6, 0), (7, 45), (0, 225), (4, 225), (5, 180)]
Iteration #50 -------------------------
Current node: (6, 135)
Frontier: [(7, 90), (5, 270), (6, 315), (7, 0), (8, 45), (5, 225), (6, 180), (7, 135)]
Explored States: [(2, 45), (2, 90), (2, 0), (1, 45), (3, 45), (2, 135), (1, 90), (3, 90), (2, 315), (1, 0), (3, 0), (0, 45), (4, 45), (2, 180), (1, 135), (3, 135), (0, 90), (4, 90), (2, 270), (1, 315), (3, 315), (4, 0), (5, 45), (2, 225), (1, 180), (3, 180), (0, 135), (4, 135), (5, 90), (1, 270), (3, 270), (0, 315), (4, 315), (5, 0), (6, 45), (1, 225), (3, 225), (0, 180), (4, 180), (5, 135), (6, 90), (0, 270), (4, 270), (5, 315), (6, 0), (7, 45), (0, 225), (4, 225), (5, 180), (6, 135)]
Iteration #51 -------------------------
Current node: (7, 90)
Frontier: [(5, 270), (6, 315), (7, 0), (8, 45), (5, 225), (6, 180), (7, 135), (8, 90)]
Explored States: [(2, 45), (2, 90), (2, 0), (1, 45), (3, 45), (2, 135), (1, 90), (3, 90), (2, 315), (1, 0), (3, 0), (0, 45), (4, 45), (2, 180), (1, 135), (3, 135), (0, 90), (4, 90), (2, 270), (1, 315), (3, 315), (4, 0), (5, 45), (2, 225), (1, 180), (3, 180), (0, 135), (4, 135), (5, 90), (1, 270), (3, 270), (0, 315), (4, 315), (5, 0), (6, 45), (1, 225), (3, 225), (0, 180), (4, 180), (5, 135), (6, 90), (0, 270), (4, 270), (5, 315), (6, 0), (7, 45), (0, 225), (4, 225), (5, 180), (6, 135), (7, 90)]
Iteration #52 -------------------------
Current node: (5, 270)
Frontier: [(6, 315), (7, 0), (8, 45), (5, 225), (6, 180), (7, 135), (8, 90), (6, 270)]
Explored States: [(2, 45), (2, 90), (2, 0), (1, 45), (3, 45), (2, 135), (1, 90), (3, 90), (2, 315), (1, 0), (3, 0), (0, 45), (4, 45), (2, 180), (1, 135), (3, 135), (0, 90), (4, 90), (2, 270), (1, 315), (3, 315), (4, 0), (5, 45), (2, 225), (1, 180), (3, 180), (0, 135), (4, 135), (5, 90), (1, 270), (3, 270), (0, 315), (4, 315), (5, 0), (6, 45), (1, 225), (3, 225), (0, 180), (4, 180), (5, 135), (6, 90), (0, 270), (4, 270), (5, 315), (6, 0), (7, 45), (0, 225), (4, 225), (5, 180), (6, 135), (7, 90), (5, 270)]
Iteration #53 -------------------------
Current node: (6, 315)
Frontier: [(7, 0), (8, 45), (5, 225), (6, 180), (7, 135), (8, 90), (6, 270), (7, 315)]
Explored States: [(2, 45), (2, 90), (2, 0), (1, 45), (3, 45), (2, 135), (1, 90), (3, 90), (2, 315), (1, 0), (3, 0), (0, 45), (4, 45), (2, 180), (1, 135), (3, 135), (0, 90), (4, 90), (2, 270), (1, 315), (3, 315), (4, 0), (5, 45), (2, 225), (1, 180), (3, 180), (0, 135), (4, 135), (5, 90), (1, 270), (3, 270), (0, 315), (4, 315), (5, 0), (6, 45), (1, 225), (3, 225), (0, 180), (4, 180), (5, 135), (6, 90), (0, 270), (4, 270), (5, 315), (6, 0), (7, 45), (0, 225), (4, 225), (5, 180), (6, 135), (7, 90), (5, 270), (6, 315)]
Iteration #54 -------------------------
Current node: (7, 0)
Frontier: [(8, 45), (5, 225), (6, 180), (7, 135), (8, 90), (6, 270), (7, 315), (8, 0)]
Explored States: [(2, 45), (2, 90), (2, 0), (1, 45), (3, 45), (2, 135), (1, 90), (3, 90), (2, 315), (1, 0), (3, 0), (0, 45), (4, 45), (2, 180), (1, 135), (3, 135), (0, 90), (4, 90), (2, 270), (1, 315), (3, 315), (4, 0), (5, 45), (2, 225), (1, 180), (3, 180), (0, 135), (4, 135), (5, 90), (1, 270), (3, 270), (0, 315), (4, 315), (5, 0), (6, 45), (1, 225), (3, 225), (0, 180), (4, 180), (5, 135), (6, 90), (0, 270), (4, 270), (5, 315), (6, 0), (7, 45), (0, 225), (4, 225), (5, 180), (6, 135), (7, 90), (5, 270), (6, 315), (7, 0)]
Iteration #55 -------------------------
Current node: (8, 45)
Frontier: [(5, 225), (6, 180), (7, 135), (8, 90), (6, 270), (7, 315), (8, 0), (9, 45)]
Explored States: [(2, 45), (2, 90), (2, 0), (1, 45), (3, 45), (2, 135), (1, 90), (3, 90), (2, 315), (1, 0), (3, 0), (0, 45), (4, 45), (2, 180), (1, 135), (3, 135), (0, 90), (4, 90), (2, 270), (1, 315), (3, 315), (4, 0), (5, 45), (2, 225), (1, 180), (3, 180), (0, 135), (4, 135), (5, 90), (1, 270), (3, 270), (0, 315), (4, 315), (5, 0), (6, 45), (1, 225), (3, 225), (0, 180), (4, 180), (5, 135), (6, 90), (0, 270), (4, 270), (5, 315), (6, 0), (7, 45), (0, 225), (4, 225), (5, 180), (6, 135), (7, 90), (5, 270), (6, 315), (7, 0), (8, 45)]
Iteration #56 -------------------------
Current node: (5, 225)
Frontier: [(6, 180), (7, 135), (8, 90), (6, 270), (7, 315), (8, 0), (9, 45), (6, 225)]
Explored States: [(2, 45), (2, 90), (2, 0), (1, 45), (3, 45), (2, 135), (1, 90), (3, 90), (2, 315), (1, 0), (3, 0), (0, 45), (4, 45), (2, 180), (1, 135), (3, 135), (0, 90), (4, 90), (2, 270), (1, 315), (3, 315), (4, 0), (5, 45), (2, 225), (1, 180), (3, 180), (0, 135), (4, 135), (5, 90), (1, 270), (3, 270), (0, 315), (4, 315), (5, 0), (6, 45), (1, 225), (3, 225), (0, 180), (4, 180), (5, 135), (6, 90), (0, 270), (4, 270), (5, 315), (6, 0), (7, 45), (0, 225), (4, 225), (5, 180), (6, 135), (7, 90), (5, 270), (6, 315), (7, 0), (8, 45), (5, 225)]
Iteration #57 -------------------------
Current node: (6, 180)
Frontier: [(7, 135), (8, 90), (6, 270), (7, 315), (8, 0), (9, 45), (6, 225), (7, 180)]
Explored States: [(2, 45), (2, 90), (2, 0), (1, 45), (3, 45), (2, 135), (1, 90), (3, 90), (2, 315), (1, 0), (3, 0), (0, 45), (4, 45), (2, 180), (1, 135), (3, 135), (0, 90), (4, 90), (2, 270), (1, 315), (3, 315), (4, 0), (5, 45), (2, 225), (1, 180), (3, 180), (0, 135), (4, 135), (5, 90), (1, 270), (3, 270), (0, 315), (4, 315), (5, 0), (6, 45), (1, 225), (3, 225), (0, 180), (4, 180), (5, 135), (6, 90), (0, 270), (4, 270), (5, 315), (6, 0), (7, 45), (0, 225), (4, 225), (5, 180), (6, 135), (7, 90), (5, 270), (6, 315), (7, 0), (8, 45), (5, 225), (6, 180)]
Iteration #58 -------------------------
Current node: (7, 135)
Frontier: [(8, 90), (6, 270), (7, 315), (8, 0), (9, 45), (6, 225), (7, 180), (8, 135)]
Explored States: [(2, 45), (2, 90), (2, 0), (1, 45), (3, 45), (2, 135), (1, 90), (3, 90), (2, 315), (1, 0), (3, 0), (0, 45), (4, 45), (2, 180), (1, 135), (3, 135), (0, 90), (4, 90), (2, 270), (1, 315), (3, 315), (4, 0), (5, 45), (2, 225), (1, 180), (3, 180), (0, 135), (4, 135), (5, 90), (1, 270), (3, 270), (0, 315), (4, 315), (5, 0), (6, 45), (1, 225), (3, 225), (0, 180), (4, 180), (5, 135), (6, 90), (0, 270), (4, 270), (5, 315), (6, 0), (7, 45), (0, 225), (4, 225), (5, 180), (6, 135), (7, 90), (5, 270), (6, 315), (7, 0), (8, 45), (5, 225), (6, 180), (7, 135)]
Iteration #59 -------------------------
Current node: (8, 90)
Frontier: [(6, 270), (7, 315), (8, 0), (9, 45), (6, 225), (7, 180), (8, 135), (9, 90)]
Explored States: [(2, 45), (2, 90), (2, 0), (1, 45), (3, 45), (2, 135), (1, 90), (3, 90), (2, 315), (1, 0), (3, 0), (0, 45), (4, 45), (2, 180), (1, 135), (3, 135), (0, 90), (4, 90), (2, 270), (1, 315), (3, 315), (4, 0), (5, 45), (2, 225), (1, 180), (3, 180), (0, 135), (4, 135), (5, 90), (1, 270), (3, 270), (0, 315), (4, 315), (5, 0), (6, 45), (1, 225), (3, 225), (0, 180), (4, 180), (5, 135), (6, 90), (0, 270), (4, 270), (5, 315), (6, 0), (7, 45), (0, 225), (4, 225), (5, 180), (6, 135), (7, 90), (5, 270), (6, 315), (7, 0), (8, 45), (5, 225), (6, 180), (7, 135), (8, 90)]
Iteration #60 -------------------------
Current node: (6, 270)
Frontier: [(7, 315), (8, 0), (9, 45), (6, 225), (7, 180), (8, 135), (9, 90), (7, 270)]
Explored States: [(2, 45), (2, 90), (2, 0), (1, 45), (3, 45), (2, 135), (1, 90), (3, 90), (2, 315), (1, 0), (3, 0), (0, 45), (4, 45), (2, 180), (1, 135), (3, 135), (0, 90), (4, 90), (2, 270), (1, 315), (3, 315), (4, 0), (5, 45), (2, 225), (1, 180), (3, 180), (0, 135), (4, 135), (5, 90), (1, 270), (3, 270), (0, 315), (4, 315), (5, 0), (6, 45), (1, 225), (3, 225), (0, 180), (4, 180), (5, 135), (6, 90), (0, 270), (4, 270), (5, 315), (6, 0), (7, 45), (0, 225), (4, 225), (5, 180), (6, 135), (7, 90), (5, 270), (6, 315), (7, 0), (8, 45), (5, 225), (6, 180), (7, 135), (8, 90), (6, 270)]
Iteration #61 -------------------------
Current node: (7, 315)
Frontier: [(8, 0), (9, 45), (6, 225), (7, 180), (8, 135), (9, 90), (7, 270), (8, 315)]
Explored States: [(2, 45), (2, 90), (2, 0), (1, 45), (3, 45), (2, 135), (1, 90), (3, 90), (2, 315), (1, 0), (3, 0), (0, 45), (4, 45), (2, 180), (1, 135), (3, 135), (0, 90), (4, 90), (2, 270), (1, 315), (3, 315), (4, 0), (5, 45), (2, 225), (1, 180), (3, 180), (0, 135), (4, 135), (5, 90), (1, 270), (3, 270), (0, 315), (4, 315), (5, 0), (6, 45), (1, 225), (3, 225), (0, 180), (4, 180), (5, 135), (6, 90), (0, 270), (4, 270), (5, 315), (6, 0), (7, 45), (0, 225), (4, 225), (5, 180), (6, 135), (7, 90), (5, 270), (6, 315), (7, 0), (8, 45), (5, 225), (6, 180), (7, 135), (8, 90), (6, 270), (7, 315)]
Iteration #62 -------------------------
Current node: (8, 0)
Frontier: [(9, 45), (6, 225), (7, 180), (8, 135), (9, 90), (7, 270), (8, 315), (9, 0)]
Explored States: [(2, 45), (2, 90), (2, 0), (1, 45), (3, 45), (2, 135), (1, 90), (3, 90), (2, 315), (1, 0), (3, 0), (0, 45), (4, 45), (2, 180), (1, 135), (3, 135), (0, 90), (4, 90), (2, 270), (1, 315), (3, 315), (4, 0), (5, 45), (2, 225), (1, 180), (3, 180), (0, 135), (4, 135), (5, 90), (1, 270), (3, 270), (0, 315), (4, 315), (5, 0), (6, 45), (1, 225), (3, 225), (0, 180), (4, 180), (5, 135), (6, 90), (0, 270), (4, 270), (5, 315), (6, 0), (7, 45), (0, 225), (4, 225), (5, 180), (6, 135), (7, 90), (5, 270), (6, 315), (7, 0), (8, 45), (5, 225), (6, 180), (7, 135), (8, 90), (6, 270), (7, 315), (8, 0)]
Iteration #63 -------------------------
Current node: (9, 45)
Frontier: [(6, 225), (7, 180), (8, 135), (9, 90), (7, 270), (8, 315), (9, 0)]
Explored States: [(2, 45), (2, 90), (2, 0), (1, 45), (3, 45), (2, 135), (1, 90), (3, 90), (2, 315), (1, 0), (3, 0), (0, 45), (4, 45), (2, 180), (1, 135), (3, 135), (0, 90), (4, 90), (2, 270), (1, 315), (3, 315), (4, 0), (5, 45), (2, 225), (1, 180), (3, 180), (0, 135), (4, 135), (5, 90), (1, 270), (3, 270), (0, 315), (4, 315), (5, 0), (6, 45), (1, 225), (3, 225), (0, 180), (4, 180), (5, 135), (6, 90), (0, 270), (4, 270), (5, 315), (6, 0), (7, 45), (0, 225), (4, 225), (5, 180), (6, 135), (7, 90), (5, 270), (6, 315), (7, 0), (8, 45), (5, 225), (6, 180), (7, 135), (8, 90), (6, 270), (7, 315), (8, 0), (9, 45)]
Iteration #64 -------------------------
Current node: (6, 225)
Frontier: [(7, 180), (8, 135), (9, 90), (7, 270), (8, 315), (9, 0), (7, 225)]
Explored States: [(2, 45), (2, 90), (2, 0), (1, 45), (3, 45), (2, 135), (1, 90), (3, 90), (2, 315), (1, 0), (3, 0), (0, 45), (4, 45), (2, 180), (1, 135), (3, 135), (0, 90), (4, 90), (2, 270), (1, 315), (3, 315), (4, 0), (5, 45), (2, 225), (1, 180), (3, 180), (0, 135), (4, 135), (5, 90), (1, 270), (3, 270), (0, 315), (4, 315), (5, 0), (6, 45), (1, 225), (3, 225), (0, 180), (4, 180), (5, 135), (6, 90), (0, 270), (4, 270), (5, 315), (6, 0), (7, 45), (0, 225), (4, 225), (5, 180), (6, 135), (7, 90), (5, 270), (6, 315), (7, 0), (8, 45), (5, 225), (6, 180), (7, 135), (8, 90), (6, 270), (7, 315), (8, 0), (9, 45), (6, 225)]
Iteration #65 -------------------------
Current node: (7, 180)
Frontier: [(8, 135), (9, 90), (7, 270), (8, 315), (9, 0), (7, 225), (8, 180)]
Explored States: [(2, 45), (2, 90), (2, 0), (1, 45), (3, 45), (2, 135), (1, 90), (3, 90), (2, 315), (1, 0), (3, 0), (0, 45), (4, 45), (2, 180), (1, 135), (3, 135), (0, 90), (4, 90), (2, 270), (1, 315), (3, 315), (4, 0), (5, 45), (2, 225), (1, 180), (3, 180), (0, 135), (4, 135), (5, 90), (1, 270), (3, 270), (0, 315), (4, 315), (5, 0), (6, 45), (1, 225), (3, 225), (0, 180), (4, 180), (5, 135), (6, 90), (0, 270), (4, 270), (5, 315), (6, 0), (7, 45), (0, 225), (4, 225), (5, 180), (6, 135), (7, 90), (5, 270), (6, 315), (7, 0), (8, 45), (5, 225), (6, 180), (7, 135), (8, 90), (6, 270), (7, 315), (8, 0), (9, 45), (6, 225), (7, 180)]
Iteration #66 -------------------------
Current node: (8, 135)
Frontier: [(9, 90), (7, 270), (8, 315), (9, 0), (7, 225), (8, 180), (9, 135)]
Explored States: [(2, 45), (2, 90), (2, 0), (1, 45), (3, 45), (2, 135), (1, 90), (3, 90), (2, 315), (1, 0), (3, 0), (0, 45), (4, 45), (2, 180), (1, 135), (3, 135), (0, 90), (4, 90), (2, 270), (1, 315), (3, 315), (4, 0), (5, 45), (2, 225), (1, 180), (3, 180), (0, 135), (4, 135), (5, 90), (1, 270), (3, 270), (0, 315), (4, 315), (5, 0), (6, 45), (1, 225), (3, 225), (0, 180), (4, 180), (5, 135), (6, 90), (0, 270), (4, 270), (5, 315), (6, 0), (7, 45), (0, 225), (4, 225), (5, 180), (6, 135), (7, 90), (5, 270), (6, 315), (7, 0), (8, 45), (5, 225), (6, 180), (7, 135), (8, 90), (6, 270), (7, 315), (8, 0), (9, 45), (6, 225), (7, 180), (8, 135)]
Iteration #67 -------------------------
Current node: (9, 90)
Frontier: [(7, 270), (8, 315), (9, 0), (7, 225), (8, 180), (9, 135)]
Explored States: [(2, 45), (2, 90), (2, 0), (1, 45), (3, 45), (2, 135), (1, 90), (3, 90), (2, 315), (1, 0), (3, 0), (0, 45), (4, 45), (2, 180), (1, 135), (3, 135), (0, 90), (4, 90), (2, 270), (1, 315), (3, 315), (4, 0), (5, 45), (2, 225), (1, 180), (3, 180), (0, 135), (4, 135), (5, 90), (1, 270), (3, 270), (0, 315), (4, 315), (5, 0), (6, 45), (1, 225), (3, 225), (0, 180), (4, 180), (5, 135), (6, 90), (0, 270), (4, 270), (5, 315), (6, 0), (7, 45), (0, 225), (4, 225), (5, 180), (6, 135), (7, 90), (5, 270), (6, 315), (7, 0), (8, 45), (5, 225), (6, 180), (7, 135), (8, 90), (6, 270), (7, 315), (8, 0), (9, 45), (6, 225), (7, 180), (8, 135), (9, 90)]
Iteration #68 -------------------------
Current node: (7, 270)
Frontier: [(8, 315), (9, 0), (7, 225), (8, 180), (9, 135), (8, 270)]
Explored States: [(2, 45), (2, 90), (2, 0), (1, 45), (3, 45), (2, 135), (1, 90), (3, 90), (2, 315), (1, 0), (3, 0), (0, 45), (4, 45), (2, 180), (1, 135), (3, 135), (0, 90), (4, 90), (2, 270), (1, 315), (3, 315), (4, 0), (5, 45), (2, 225), (1, 180), (3, 180), (0, 135), (4, 135), (5, 90), (1, 270), (3, 270), (0, 315), (4, 315), (5, 0), (6, 45), (1, 225), (3, 225), (0, 180), (4, 180), (5, 135), (6, 90), (0, 270), (4, 270), (5, 315), (6, 0), (7, 45), (0, 225), (4, 225), (5, 180), (6, 135), (7, 90), (5, 270), (6, 315), (7, 0), (8, 45), (5, 225), (6, 180), (7, 135), (8, 90), (6, 270), (7, 315), (8, 0), (9, 45), (6, 225), (7, 180), (8, 135), (9, 90), (7, 270)]
Iteration #69 -------------------------
Current node: (8, 315)
Frontier: [(9, 0), (7, 225), (8, 180), (9, 135), (8, 270), (9, 315)]
Explored States: [(2, 45), (2, 90), (2, 0), (1, 45), (3, 45), (2, 135), (1, 90), (3, 90), (2, 315), (1, 0), (3, 0), (0, 45), (4, 45), (2, 180), (1, 135), (3, 135), (0, 90), (4, 90), (2, 270), (1, 315), (3, 315), (4, 0), (5, 45), (2, 225), (1, 180), (3, 180), (0, 135), (4, 135), (5, 90), (1, 270), (3, 270), (0, 315), (4, 315), (5, 0), (6, 45), (1, 225), (3, 225), (0, 180), (4, 180), (5, 135), (6, 90), (0, 270), (4, 270), (5, 315), (6, 0), (7, 45), (0, 225), (4, 225), (5, 180), (6, 135), (7, 90), (5, 270), (6, 315), (7, 0), (8, 45), (5, 225), (6, 180), (7, 135), (8, 90), (6, 270), (7, 315), (8, 0), (9, 45), (6, 225), (7, 180), (8, 135), (9, 90), (7, 270), (8, 315)]
Iteration #70 -------------------------
Current node: (9, 0)
Frontier: [(7, 225), (8, 180), (9, 135), (8, 270), (9, 315)]
Explored States: [(2, 45), (2, 90), (2, 0), (1, 45), (3, 45), (2, 135), (1, 90), (3, 90), (2, 315), (1, 0), (3, 0), (0, 45), (4, 45), (2, 180), (1, 135), (3, 135), (0, 90), (4, 90), (2, 270), (1, 315), (3, 315), (4, 0), (5, 45), (2, 225), (1, 180), (3, 180), (0, 135), (4, 135), (5, 90), (1, 270), (3, 270), (0, 315), (4, 315), (5, 0), (6, 45), (1, 225), (3, 225), (0, 180), (4, 180), (5, 135), (6, 90), (0, 270), (4, 270), (5, 315), (6, 0), (7, 45), (0, 225), (4, 225), (5, 180), (6, 135), (7, 90), (5, 270), (6, 315), (7, 0), (8, 45), (5, 225), (6, 180), (7, 135), (8, 90), (6, 270), (7, 315), (8, 0), (9, 45), (6, 225), (7, 180), (8, 135), (9, 90), (7, 270), (8, 315), (9, 0)]
Iteration #71 -------------------------
Current node: (7, 225)
Frontier: [(8, 180), (9, 135), (8, 270), (9, 315), (8, 225)]
Explored States: [(2, 45), (2, 90), (2, 0), (1, 45), (3, 45), (2, 135), (1, 90), (3, 90), (2, 315), (1, 0), (3, 0), (0, 45), (4, 45), (2, 180), (1, 135), (3, 135), (0, 90), (4, 90), (2, 270), (1, 315), (3, 315), (4, 0), (5, 45), (2, 225), (1, 180), (3, 180), (0, 135), (4, 135), (5, 90), (1, 270), (3, 270), (0, 315), (4, 315), (5, 0), (6, 45), (1, 225), (3, 225), (0, 180), (4, 180), (5, 135), (6, 90), (0, 270), (4, 270), (5, 315), (6, 0), (7, 45), (0, 225), (4, 225), (5, 180), (6, 135), (7, 90), (5, 270), (6, 315), (7, 0), (8, 45), (5, 225), (6, 180), (7, 135), (8, 90), (6, 270), (7, 315), (8, 0), (9, 45), (6, 225), (7, 180), (8, 135), (9, 90), (7, 270), (8, 315), (9, 0), (7, 225)]
Iteration #72 -------------------------
Current node: (8, 180)
Frontier: [(9, 135), (8, 270), (9, 315), (8, 225), (9, 180)]
Explored States: [(2, 45), (2, 90), (2, 0), (1, 45), (3, 45), (2, 135), (1, 90), (3, 90), (2, 315), (1, 0), (3, 0), (0, 45), (4, 45), (2, 180), (1, 135), (3, 135), (0, 90), (4, 90), (2, 270), (1, 315), (3, 315), (4, 0), (5, 45), (2, 225), (1, 180), (3, 180), (0, 135), (4, 135), (5, 90), (1, 270), (3, 270), (0, 315), (4, 315), (5, 0), (6, 45), (1, 225), (3, 225), (0, 180), (4, 180), (5, 135), (6, 90), (0, 270), (4, 270), (5, 315), (6, 0), (7, 45), (0, 225), (4, 225), (5, 180), (6, 135), (7, 90), (5, 270), (6, 315), (7, 0), (8, 45), (5, 225), (6, 180), (7, 135), (8, 90), (6, 270), (7, 315), (8, 0), (9, 45), (6, 225), (7, 180), (8, 135), (9, 90), (7, 270), (8, 315), (9, 0), (7, 225), (8, 180)]
Iteration #73 -------------------------
Current node: (9, 135)
Frontier: [(8, 270), (9, 315), (8, 225), (9, 180)]
Explored States: [(2, 45), (2, 90), (2, 0), (1, 45), (3, 45), (2, 135), (1, 90), (3, 90), (2, 315), (1, 0), (3, 0), (0, 45), (4, 45), (2, 180), (1, 135), (3, 135), (0, 90), (4, 90), (2, 270), (1, 315), (3, 315), (4, 0), (5, 45), (2, 225), (1, 180), (3, 180), (0, 135), (4, 135), (5, 90), (1, 270), (3, 270), (0, 315), (4, 315), (5, 0), (6, 45), (1, 225), (3, 225), (0, 180), (4, 180), (5, 135), (6, 90), (0, 270), (4, 270), (5, 315), (6, 0), (7, 45), (0, 225), (4, 225), (5, 180), (6, 135), (7, 90), (5, 270), (6, 315), (7, 0), (8, 45), (5, 225), (6, 180), (7, 135), (8, 90), (6, 270), (7, 315), (8, 0), (9, 45), (6, 225), (7, 180), (8, 135), (9, 90), (7, 270), (8, 315), (9, 0), (7, 225), (8, 180), (9, 135)]
Iteration #74 -------------------------
Current node: (8, 270)
Frontier: [(9, 315), (8, 225), (9, 180), (9, 270)]
Explored States: [(2, 45), (2, 90), (2, 0), (1, 45), (3, 45), (2, 135), (1, 90), (3, 90), (2, 315), (1, 0), (3, 0), (0, 45), (4, 45), (2, 180), (1, 135), (3, 135), (0, 90), (4, 90), (2, 270), (1, 315), (3, 315), (4, 0), (5, 45), (2, 225), (1, 180), (3, 180), (0, 135), (4, 135), (5, 90), (1, 270), (3, 270), (0, 315), (4, 315), (5, 0), (6, 45), (1, 225), (3, 225), (0, 180), (4, 180), (5, 135), (6, 90), (0, 270), (4, 270), (5, 315), (6, 0), (7, 45), (0, 225), (4, 225), (5, 180), (6, 135), (7, 90), (5, 270), (6, 315), (7, 0), (8, 45), (5, 225), (6, 180), (7, 135), (8, 90), (6, 270), (7, 315), (8, 0), (9, 45), (6, 225), (7, 180), (8, 135), (9, 90), (7, 270), (8, 315), (9, 0), (7, 225), (8, 180), (9, 135), (8, 270)]
Iteration #75 -------------------------
Current node: (9, 315)
Frontier: [(8, 225), (9, 180), (9, 270)]
Explored States: [(2, 45), (2, 90), (2, 0), (1, 45), (3, 45), (2, 135), (1, 90), (3, 90), (2, 315), (1, 0), (3, 0), (0, 45), (4, 45), (2, 180), (1, 135), (3, 135), (0, 90), (4, 90), (2, 270), (1, 315), (3, 315), (4, 0), (5, 45), (2, 225), (1, 180), (3, 180), (0, 135), (4, 135), (5, 90), (1, 270), (3, 270), (0, 315), (4, 315), (5, 0), (6, 45), (1, 225), (3, 225), (0, 180), (4, 180), (5, 135), (6, 90), (0, 270), (4, 270), (5, 315), (6, 0), (7, 45), (0, 225), (4, 225), (5, 180), (6, 135), (7, 90), (5, 270), (6, 315), (7, 0), (8, 45), (5, 225), (6, 180), (7, 135), (8, 90), (6, 270), (7, 315), (8, 0), (9, 45), (6, 225), (7, 180), (8, 135), (9, 90), (7, 270), (8, 315), (9, 0), (7, 225), (8, 180), (9, 135), (8, 270), (9, 315)]
Iteration #76 -------------------------
Current node: (8, 225)
Frontier: [(9, 180), (9, 270), (9, 225)]
Explored States: [(2, 45), (2, 90), (2, 0), (1, 45), (3, 45), (2, 135), (1, 90), (3, 90), (2, 315), (1, 0), (3, 0), (0, 45), (4, 45), (2, 180), (1, 135), (3, 135), (0, 90), (4, 90), (2, 270), (1, 315), (3, 315), (4, 0), (5, 45), (2, 225), (1, 180), (3, 180), (0, 135), (4, 135), (5, 90), (1, 270), (3, 270), (0, 315), (4, 315), (5, 0), (6, 45), (1, 225), (3, 225), (0, 180), (4, 180), (5, 135), (6, 90), (0, 270), (4, 270), (5, 315), (6, 0), (7, 45), (0, 225), (4, 225), (5, 180), (6, 135), (7, 90), (5, 270), (6, 315), (7, 0), (8, 45), (5, 225), (6, 180), (7, 135), (8, 90), (6, 270), (7, 315), (8, 0), (9, 45), (6, 225), (7, 180), (8, 135), (9, 90), (7, 270), (8, 315), (9, 0), (7, 225), (8, 180), (9, 135), (8, 270), (9, 315), (8, 225)]
Iteration #77 -------------------------
Current node: (9, 180)
Frontier: [(9, 270), (9, 225)]
Explored States: [(2, 45), (2, 90), (2, 0), (1, 45), (3, 45), (2, 135), (1, 90), (3, 90), (2, 315), (1, 0), (3, 0), (0, 45), (4, 45), (2, 180), (1, 135), (3, 135), (0, 90), (4, 90), (2, 270), (1, 315), (3, 315), (4, 0), (5, 45), (2, 225), (1, 180), (3, 180), (0, 135), (4, 135), (5, 90), (1, 270), (3, 270), (0, 315), (4, 315), (5, 0), (6, 45), (1, 225), (3, 225), (0, 180), (4, 180), (5, 135), (6, 90), (0, 270), (4, 270), (5, 315), (6, 0), (7, 45), (0, 225), (4, 225), (5, 180), (6, 135), (7, 90), (5, 270), (6, 315), (7, 0), (8, 45), (5, 225), (6, 180), (7, 135), (8, 90), (6, 270), (7, 315), (8, 0), (9, 45), (6, 225), (7, 180), (8, 135), (9, 90), (7, 270), (8, 315), (9, 0), (7, 225), (8, 180), (9, 135), (8, 270), (9, 315), (8, 225), (9, 180)]
Iteration #78 -------------------------
Current node: (9, 270)
Frontier: [(9, 225)]
Explored States: [(2, 45), (2, 90), (2, 0), (1, 45), (3, 45), (2, 135), (1, 90), (3, 90), (2, 315), (1, 0), (3, 0), (0, 45), (4, 45), (2, 180), (1, 135), (3, 135), (0, 90), (4, 90), (2, 270), (1, 315), (3, 315), (4, 0), (5, 45), (2, 225), (1, 180), (3, 180), (0, 135), (4, 135), (5, 90), (1, 270), (3, 270), (0, 315), (4, 315), (5, 0), (6, 45), (1, 225), (3, 225), (0, 180), (4, 180), (5, 135), (6, 90), (0, 270), (4, 270), (5, 315), (6, 0), (7, 45), (0, 225), (4, 225), (5, 180), (6, 135), (7, 90), (5, 270), (6, 315), (7, 0), (8, 45), (5, 225), (6, 180), (7, 135), (8, 90), (6, 270), (7, 315), (8, 0), (9, 45), (6, 225), (7, 180), (8, 135), (9, 90), (7, 270), (8, 315), (9, 0), (7, 225), (8, 180), (9, 135), (8, 270), (9, 315), (8, 225), (9, 180), (9, 270)]
Iteration #79 -------------------------
Current node: (9, 225)
Frontier: []
Explored States: [(2, 45), (2, 90), (2, 0), (1, 45), (3, 45), (2, 135), (1, 90), (3, 90), (2, 315), (1, 0), (3, 0), (0, 45), (4, 45), (2, 180), (1, 135), (3, 135), (0, 90), (4, 90), (2, 270), (1, 315), (3, 315), (4, 0), (5, 45), (2, 225), (1, 180), (3, 180), (0, 135), (4, 135), (5, 90), (1, 270), (3, 270), (0, 315), (4, 315), (5, 0), (6, 45), (1, 225), (3, 225), (0, 180), (4, 180), (5, 135), (6, 90), (0, 270), (4, 270), (5, 315), (6, 0), (7, 45), (0, 225), (4, 225), (5, 180), (6, 135), (7, 90), (5, 270), (6, 315), (7, 0), (8, 45), (5, 225), (6, 180), (7, 135), (8, 90), (6, 270), (7, 315), (8, 0), (9, 45), (6, 225), (7, 180), (8, 135), (9, 90), (7, 270), (8, 315), (9, 0), (7, 225), (8, 180), (9, 135), (8, 270), (9, 315), (8, 225), (9, 180), (9, 270), (9, 225)]

Path found using BFS in 13.42 ms!
Flight instructions (11) : [H90, H90, H90, H90, H180, H180, H180, H180, H180, H180, H180]
Path followed (12 states): [(2, 45), (2, 90), (2, 135), (2, 180), (2, 225), (3, 225), (4, 225), (5, 225), (6, 225), (7, 225), (8, 225), (9, 225)]
Solution path cost: 13.283

Current node depth: 11
Nodes created: 79
79 states expanded: [(2, 45), (2, 90), (2, 0), (1, 45), (3, 45), (2, 135), (1, 90), (3, 90), (2, 315), (1, 0), (3, 0), (0, 45), (4, 45), (2, 180), (1, 135), (3, 135), (0, 90), (4, 90), (2, 270), (1, 315), (3, 315), (4, 0), (5, 45), (2, 225), (1, 180), (3, 180), (0, 135), (4, 135), (5, 90), (1, 270), (3, 270), (0, 315), (4, 315), (5, 0), (6, 45), (1, 225), (3, 225), (0, 180), (4, 180), (5, 135), (6, 90), (0, 270), (4, 270), (5, 315), (6, 0), (7, 45), (0, 225), (4, 225), (5, 180), (6, 135), (7, 90), (5, 270), (6, 315), (7, 0), (8, 45), (5, 225), (6, 180), (7, 135), (8, 90), (6, 270), (7, 315), (8, 0), (9, 45), (6, 225), (7, 180), (8, 135), (9, 90), (7, 270), (8, 315), (9, 0), (7, 225), (8, 180), (9, 135), (8, 270), (9, 315), (8, 225), (9, 180), (9, 270), (9, 225)]
