Search type: DFS
Size of world N: 5
Start point: (1, 180)
End point: (4, 180)
Obstacles located at: []

Starting Depth-First Search...
Iteration #1 -------------------------
Current node: (1, 180)
Frontier: [(1, 225), (1, 135), (0, 180), (2, 180)]
Explored States: [(1, 180)]
Iteration #2 -------------------------
Current node: (1, 225)
Frontier: [(1, 270), (0, 225), (2, 225), (1, 135), (0, 180), (2, 180)]
Explored States: [(1, 180), (1, 225)]
Iteration #3 -------------------------
Current node: (1, 270)
Frontier: [(1, 315), (0, 270), (2, 270), (0, 225), (2, 225), (1, 135), (0, 180), (2, 180)]
Explored States: [(1, 180), (1, 225), (1, 270)]
Iteration #4 -------------------------
Current node: (1, 315)
Frontier: [(1, 0), (0, 315), (2, 315), (0, 270), (2, 270), (0, 225), (2, 225), (1, 135), (0, 180), (2, 180)]
Explored States: [(1, 180), (1, 225), (1, 270), (1, 315)]
Iteration #5 -------------------------
Current node: (1, 0)
Frontier: [(1, 45), (2, 0), (0, 315), (2, 315), (0, 270), (2, 270), (0, 225), (2, 225), (1, 135), (0, 180), (2, 180)]
Explored States: [(1, 180), (1, 225), (1, 270), (1, 315), (1, 0)]
Iteration #6 -------------------------
Current node: (1, 45)
Frontier: [(1, 90), (0, 45), (2, 45), (2, 0), (0, 315), (2, 315), (0, 270), (2, 270), (0, 225), (2, 225), (1, 135), (0, 180), (2, 180)]
Explored States: [(1, 180), (1, 225), (1, 270), (1, 315), (1, 0), (1, 45)]
Iteration #7 -------------------------
Current node: (1, 90)
Frontier: [(0, 90), (2, 90), (0, 45), (2, 45), (2, 0), (0, 315), (2, 315), (0, 270), (2, 270), (0, 225), (2, 225), (1, 135), (0, 180), (2, 180)]
Explored States: [(1, 180), (1, 225), (1, 270), (1, 315), (1, 0), (1, 45), (1, 90)]
Iteration #8 -------------------------
Current node: (0, 90)
Frontier: [(0, 135), (2, 90), (0, 45), (2, 45), (2, 0), (0, 315), (2, 315), (0, 270), (2, 270), (0, 225), (2, 225), (1, 135), (0, 180), (2, 180)]
Explored States: [(1, 180), (1, 225), (1, 270), (1, 315), (1, 0), (1, 45), (1, 90), (0, 90)]
Iteration #9 -------------------------
Current node: (0, 135)
Frontier: [(2, 90), (0, 45), (2, 45), (2, 0), (0, 315), (2, 315), (0, 270), (2, 270), (0, 225), (2, 225), (1, 135), (0, 180), (2, 180)]
Explored States: [(1, 180), (1, 225), (1, 270), (1, 315), (1, 0), (1, 45), (1, 90), (0, 90), (0, 135)]
Iteration #10 -------------------------
Current node: (2, 90)
Frontier: [(2, 135), (3, 90), (0, 45), (2, 45), (2, 0), (0, 315), (2, 315), (0, 270), (2, 270), (0, 225), (2, 225), (1, 135), (0, 180), (2, 180)]
Explored States: [(1, 180), (1, 225), (1, 270), (1, 315), (1, 0), (1, 45), (1, 90), (0, 90), (0, 135), (2, 90)]
Iteration #11 -------------------------
Current node: (2, 135)
Frontier: [(3, 135), (3, 90), (0, 45), (2, 45), (2, 0), (0, 315), (2, 315), (0, 270), (2, 270), (0, 225), (2, 225), (1, 135), (0, 180), (2, 180)]
Explored States: [(1, 180), (1, 225), (1, 270), (1, 315), (1, 0), (1, 45), (1, 90), (0, 90), (0, 135), (2, 90), (2, 135)]
Iteration #12 -------------------------
Current node: (3, 135)
Frontier: [(3, 180), (4, 135), (3, 90), (0, 45), (2, 45), (2, 0), (0, 315), (2, 315), (0, 270), (2, 270), (0, 225), (2, 225), (1, 135), (0, 180), (2, 180)]
Explored States: [(1, 180), (1, 225), (1, 270), (1, 315), (1, 0), (1, 45), (1, 90), (0, 90), (0, 135), (2, 90), (2, 135), (3, 135)]
Iteration #13 -------------------------
Current node: (3, 180)
Frontier: [(3, 225), (4, 180), (4, 135), (3, 90), (0, 45), (2, 45), (2, 0), (0, 315), (2, 315), (0, 270), (2, 270), (0, 225), (2, 225), (1, 135), (0, 180), (2, 180)]
Explored States: [(1, 180), (1, 225), (1, 270), (1, 315), (1, 0), (1, 45), (1, 90), (0, 90), (0, 135), (2, 90), (2, 135), (3, 135), (3, 180)]
Iteration #14 -------------------------
Current node: (3, 225)
Frontier: [(3, 270), (4, 225), (4, 180), (4, 135), (3, 90), (0, 45), (2, 45), (2, 0), (0, 315), (2, 315), (0, 270), (2, 270), (0, 225), (2, 225), (1, 135), (0, 180), (2, 180)]
Explored States: [(1, 180), (1, 225), (1, 270), (1, 315), (1, 0), (1, 45), (1, 90), (0, 90), (0, 135), (2, 90), (2, 135), (3, 135), (3, 180), (3, 225)]
Iteration #15 -------------------------
Current node: (3, 270)
Frontier: [(3, 315), (4, 270), (4, 225), (4, 180), (4, 135), (3, 90), (0, 45), (2, 45), (2, 0), (0, 315), (2, 315), (0, 270), (2, 270), (0, 225), (2, 225), (1, 135), (0, 180), (2, 180)]
Explored States: [(1, 180), (1, 225), (1, 270), (1, 315), (1, 0), (1, 45), (1, 90), (0, 90), (0, 135), (2, 90), (2, 135), (3, 135), (3, 180), (3, 225), (3, 270)]
Iteration #16 -------------------------
Current node: (3, 315)
Frontier: [(3, 0), (4, 315), (4, 270), (4, 225), (4, 180), (4, 135), (3, 90), (0, 45), (2, 45), (2, 0), (0, 315), (2, 315), (0, 270), (2, 270), (0, 225), (2, 225), (1, 135), (0, 180), (2, 180)]
Explored States: [(1, 180), (1, 225), (1, 270), (1, 315), (1, 0), (1, 45), (1, 90), (0, 90), (0, 135), (2, 90), (2, 135), (3, 135), (3, 180), (3, 225), (3, 270), (3, 315)]
Iteration #17 -------------------------
Current node: (3, 0)
Frontier: [(3, 45), (4, 0), (4, 315), (4, 270), (4, 225), (4, 180), (4, 135), (3, 90), (0, 45), (2, 45), (2, 0), (0, 315), (2, 315), (0, 270), (2, 270), (0, 225), (2, 225), (1, 135), (0, 180), (2, 180)]
Explored States: [(1, 180), (1, 225), (1, 270), (1, 315), (1, 0), (1, 45), (1, 90), (0, 90), (0, 135), (2, 90), (2, 135), (3, 135), (3, 180), (3, 225), (3, 270), (3, 315), (3, 0)]
Iteration #18 -------------------------
Current node: (3, 45)
Frontier: [(4, 45), (4, 0), (4, 315), (4, 270), (4, 225), (4, 180), (4, 135), (3, 90), (0, 45), (2, 45), (2, 0), (0, 315), (2, 315), (0, 270), (2, 270), (0, 225), (2, 225), (1, 135), (0, 180), (2, 180)]
Explored States: [(1, 180), (1, 225), (1, 270), (1, 315), (1, 0), (1, 45), (1, 90), (0, 90), (0, 135), (2, 90), (2, 135), (3, 135), (3, 180), (3, 225), (3, 270), (3, 315), (3, 0), (3, 45)]
Iteration #19 -------------------------
Current node: (4, 45)
Frontier: [(4, 90), (4, 0), (4, 315), (4, 270), (4, 225), (4, 180), (4, 135), (3, 90), (0, 45), (2, 45), (2, 0), (0, 315), (2, 315), (0, 270), (2, 270), (0, 225), (2, 225), (1, 135), (0, 180), (2, 180)]
Explored States: [(1, 180), (1, 225), (1, 270), (1, 315), (1, 0), (1, 45), (1, 90), (0, 90), (0, 135), (2, 90), (2, 135), (3, 135), (3, 180), (3, 225), (3, 270), (3, 315), (3, 0), (3, 45), (4, 45)]
Iteration #20 -------------------------
Current node: (4, 90)
Frontier: [(4, 0), (4, 315), (4, 270), (4, 225), (4, 180), (4, 135), (3, 90), (0, 45), (2, 45), (2, 0), (0, 315), (2, 315), (0, 270), (2, 270), (0, 225), (2, 225), (1, 135), (0, 180), (2, 180)]
Explored States: [(1, 180), (1, 225), (1, 270), (1, 315), (1, 0), (1, 45), (1, 90), (0, 90), (0, 135), (2, 90), (2, 135), (3, 135), (3, 180), (3, 225), (3, 270), (3, 315), (3, 0), (3, 45), (4, 45), (4, 90)]
Iteration #21 -------------------------
Current node: (4, 0)
Frontier: [(4, 315), (4, 270), (4, 225), (4, 180), (4, 135), (3, 90), (0, 45), (2, 45), (2, 0), (0, 315), (2, 315), (0, 270), (2, 270), (0, 225), (2, 225), (1, 135), (0, 180), (2, 180)]
Explored States: [(1, 180), (1, 225), (1, 270), (1, 315), (1, 0), (1, 45), (1, 90), (0, 90), (0, 135), (2, 90), (2, 135), (3, 135), (3, 180), (3, 225), (3, 270), (3, 315), (3, 0), (3, 45), (4, 45), (4, 90), (4, 0)]
Iteration #22 -------------------------
Current node: (4, 315)
Frontier: [(4, 270), (4, 225), (4, 180), (4, 135), (3, 90), (0, 45), (2, 45), (2, 0), (0, 315), (2, 315), (0, 270), (2, 270), (0, 225), (2, 225), (1, 135), (0, 180), (2, 180)]
Explored States: [(1, 180), (1, 225), (1, 270), (1, 315), (1, 0), (1, 45), (1, 90), (0, 90), (0, 135), (2, 90), (2, 135), (3, 135), (3, 180), (3, 225), (3, 270), (3, 315), (3, 0), (3, 45), (4, 45), (4, 90), (4, 0), (4, 315)]
Iteration #23 -------------------------
Current node: (4, 270)
Frontier: [(4, 225), (4, 180), (4, 135), (3, 90), (0, 45), (2, 45), (2, 0), (0, 315), (2, 315), (0, 270), (2, 270), (0, 225), (2, 225), (1, 135), (0, 180), (2, 180)]
Explored States: [(1, 180), (1, 225), (1, 270), (1, 315), (1, 0), (1, 45), (1, 90), (0, 90), (0, 135), (2, 90), (2, 135), (3, 135), (3, 180), (3, 225), (3, 270), (3, 315), (3, 0), (3, 45), (4, 45), (4, 90), (4, 0), (4, 315), (4, 270)]
Iteration #24 -------------------------
Current node: (4, 225)
Frontier: [(4, 180), (4, 135), (3, 90), (0, 45), (2, 45), (2, 0), (0, 315), (2, 315), (0, 270), (2, 270), (0, 225), (2, 225), (1, 135), (0, 180), (2, 180)]
Explored States: [(1, 180), (1, 225), (1, 270), (1, 315), (1, 0), (1, 45), (1, 90), (0, 90), (0, 135), (2, 90), (2, 135), (3, 135), (3, 180), (3, 225), (3, 270), (3, 315), (3, 0), (3, 45), (4, 45), (4, 90), (4, 0), (4, 315), (4, 270), (4, 225)]
Iteration #25 -------------------------
Current node: (4, 180)
Frontier: [(4, 135), (3, 90), (0, 45), (2, 45), (2, 0), (0, 315), (2, 315), (0, 270), (2, 270), (0, 225), (2, 225), (1, 135), (0, 180), (2, 180)]
Explored States: [(1, 180), (1, 225), (1, 270), (1, 315), (1, 0), (1, 45), (1, 90), (0, 90), (0, 135), (2, 90), (2, 135), (3, 135), (3, 180), (3, 225), (3, 270), (3, 315), (3, 0), (3, 45), (4, 45), (4, 90), (4, 0), (4, 315), (4, 270), (4, 225), (4, 180)]

Path found using DFS in 6.977 ms!
Flight instructions (11) : [H90, H90, H90, H90, H90, H90, H180, H90, H180, H90, H180]
Path followed (12 states): [(1, 180), (1, 225), (1, 270), (1, 315), (1, 0), (1, 45), (1, 90), (2, 90), (2, 135), (3, 135), (3, 180), (4, 180)]
Solution path cost: 11.639

Current node depth: 11
Nodes created: 39
25 states expanded: [(1, 180), (1, 225), (1, 270), (1, 315), (1, 0), (1, 45), (1, 90), (0, 90), (0, 135), (2, 90), (2, 135), (3, 135), (3, 180), (3, 225), (3, 270), (3, 315), (3, 0), (3, 45), (4, 45), (4, 90), (4, 0), (4, 315), (4, 270), (4, 225), (4, 180)]
