Search type: DFS
Size of world N: 10
Start point: (9, 225)
End point: (2, 45)
Obstacles located at: []

Starting Depth-First Search...
Iteration #1 -------------------------
Current node: (9, 225)
Frontier: [(9, 270), (9, 180), (8, 225)]
Explored States: [(9, 225)]
Iteration #2 -------------------------
Current node: (9, 270)
Frontier: [(9, 315), (8, 270), (9, 180), (8, 225)]
Explored States: [(9, 225), (9, 270)]
Iteration #3 -------------------------
Current node: (9, 315)
Frontier: [(9, 0), (8, 315), (8, 270), (9, 180), (8, 225)]
Explored States: [(9, 225), (9, 270), (9, 315)]
Iteration #4 -------------------------
Current node: (9, 0)
Frontier: [(9, 45), (8, 0), (8, 315), (8, 270), (9, 180), (8, 225)]
Explored States: [(9, 225), (9, 270), (9, 315), (9, 0)]
Iteration #5 -------------------------
Current node: (9, 45)
Frontier: [(9, 90), (8, 45), (8, 0), (8, 315), (8, 270), (9, 180), (8, 225)]
Explored States: [(9, 225), (9, 270), (9, 315), (9, 0), (9, 45)]
Iteration #6 -------------------------
Current node: (9, 90)
Frontier: [(9, 135), (8, 90), (8, 45), (8, 0), (8, 315), (8, 270), (9, 180), (8, 225)]
Explored States: [(9, 225), (9, 270), (9, 315), (9, 0), (9, 45), (9, 90)]
Iteration #7 -------------------------
Current node: (9, 135)
Frontier: [(8, 135), (8, 90), (8, 45), (8, 0), (8, 315), (8, 270), (9, 180), (8, 225)]
Explored States: [(9, 225), (9, 270), (9, 315), (9, 0), (9, 45), (9, 90), (9, 135)]
Iteration #8 -------------------------
Current node: (8, 135)
Frontier: [(8, 180), (7, 135), (8, 90), (8, 45), (8, 0), (8, 315), (8, 270), (9, 180), (8, 225)]
Explored States: [(9, 225), (9, 270), (9, 315), (9, 0), (9, 45), (9, 90), (9, 135), (8, 135)]
Iteration #9 -------------------------
Current node: (8, 180)
Frontier: [(7, 180), (7, 135), (8, 90), (8, 45), (8, 0), (8, 315), (8, 270), (9, 180), (8, 225)]
Explored States: [(9, 225), (9, 270), (9, 315), (9, 0), (9, 45), (9, 90), (9, 135), (8, 135), (8, 180)]
Iteration #10 -------------------------
Current node: (7, 180)
Frontier: [(7, 225), (6, 180), (7, 135), (8, 90), (8, 45), (8, 0), (8, 315), (8, 270), (9, 180), (8, 225)]
Explored States: [(9, 225), (9, 270), (9, 315), (9, 0), (9, 45), (9, 90), (9, 135), (8, 135), (8, 180), (7, 180)]
Iteration #11 -------------------------
Current node: (7, 225)
Frontier: [(7, 270), (6, 225), (6, 180), (7, 135), (8, 90), (8, 45), (8, 0), (8, 315), (8, 270), (9, 180), (8, 225)]
Explored States: [(9, 225), (9, 270), (9, 315), (9, 0), (9, 45), (9, 90), (9, 135), (8, 135), (8, 180), (7, 180), (7, 225)]
Iteration #12 -------------------------
Current node: (7, 270)
Frontier: [(7, 315), (6, 270), (6, 225), (6, 180), (7, 135), (8, 90), (8, 45), (8, 0), (8, 315), (8, 270), (9, 180), (8, 225)]
Explored States: [(9, 225), (9, 270), (9, 315), (9, 0), (9, 45), (9, 90), (9, 135), (8, 135), (8, 180), (7, 180), (7, 225), (7, 270)]
Iteration #13 -------------------------
Current node: (7, 315)
Frontier: [(7, 0), (6, 315), (6, 270), (6, 225), (6, 180), (7, 135), (8, 90), (8, 45), (8, 0), (8, 315), (8, 270), (9, 180), (8, 225)]
Explored States: [(9, 225), (9, 270), (9, 315), (9, 0), (9, 45), (9, 90), (9, 135), (8, 135), (8, 180), (7, 180), (7, 225), (7, 270), (7, 315)]
Iteration #14 -------------------------
Current node: (7, 0)
Frontier: [(7, 45), (6, 0), (6, 315), (6, 270), (6, 225), (6, 180), (7, 135), (8, 90), (8, 45), (8, 0), (8, 315), (8, 270), (9, 180), (8, 225)]
Explored States: [(9, 225), (9, 270), (9, 315), (9, 0), (9, 45), (9, 90), (9, 135), (8, 135), (8, 180), (7, 180), (7, 225), (7, 270), (7, 315), (7, 0)]
Iteration #15 -------------------------
Current node: (7, 45)
Frontier: [(7, 90), (6, 45), (6, 0), (6, 315), (6, 270), (6, 225), (6, 180), (7, 135), (8, 90), (8, 45), (8, 0), (8, 315), (8, 270), (9, 180), (8, 225)]
Explored States: [(9, 225), (9, 270), (9, 315), (9, 0), (9, 45), (9, 90), (9, 135), (8, 135), (8, 180), (7, 180), (7, 225), (7, 270), (7, 315), (7, 0), (7, 45)]
Iteration #16 -------------------------
Current node: (7, 90)
Frontier: [(6, 90), (6, 45), (6, 0), (6, 315), (6, 270), (6, 225), (6, 180), (7, 135), (8, 90), (8, 45), (8, 0), (8, 315), (8, 270), (9, 180), (8, 225)]
Explored States: [(9, 225), (9, 270), (9, 315), (9, 0), (9, 45), (9, 90), (9, 135), (8, 135), (8, 180), (7, 180), (7, 225), (7, 270), (7, 315), (7, 0), (7, 45), (7, 90)]
Iteration #17 -------------------------
Current node: (6, 90)
Frontier: [(6, 135), (5, 90), (6, 45), (6, 0), (6, 315), (6, 270), (6, 225), (6, 180), (7, 135), (8, 90), (8, 45), (8, 0), (8, 315), (8, 270), (9, 180), (8, 225)]
Explored States: [(9, 225), (9, 270), (9, 315), (9, 0), (9, 45), (9, 90), (9, 135), (8, 135), (8, 180), (7, 180), (7, 225), (7, 270), (7, 315), (7, 0), (7, 45), (7, 90), (6, 90)]
Iteration #18 -------------------------
Current node: (6, 135)
Frontier: [(5, 135), (5, 90), (6, 45), (6, 0), (6, 315), (6, 270), (6, 225), (6, 180), (7, 135), (8, 90), (8, 45), (8, 0), (8, 315), (8, 270), (9, 180), (8, 225)]
Explored States: [(9, 225), (9, 270), (9, 315), (9, 0), (9, 45), (9, 90), (9, 135), (8, 135), (8, 180), (7, 180), (7, 225), (7, 270), (7, 315), (7, 0), (7, 45), (7, 90), (6, 90), (6, 135)]
Iteration #19 -------------------------
Current node: (5, 135)
Frontier: [(5, 180), (4, 135), (5, 90), (6, 45), (6, 0), (6, 315), (6, 270), (6, 225), (6, 180), (7, 135), (8, 90), (8, 45), (8, 0), (8, 315), (8, 270), (9, 180), (8, 225)]
Explored States: [(9, 225), (9, 270), (9, 315), (9, 0), (9, 45), (9, 90), (9, 135), (8, 135), (8, 180), (7, 180), (7, 225), (7, 270), (7, 315), (7, 0), (7, 45), (7, 90), (6, 90), (6, 135), (5, 135)]
Iteration #20 -------------------------
Current node: (5, 180)
Frontier: [(5, 225), (4, 180), (4, 135), (5, 90), (6, 45), (6, 0), (6, 315), (6, 270), (6, 225), (6, 180), (7, 135), (8, 90), (8, 45), (8, 0), (8, 315), (8, 270), (9, 180), (8, 225)]
Explored States: [(9, 225), (9, 270), (9, 315), (9, 0), (9, 45), (9, 90), (9, 135), (8, 135), (8, 180), (7, 180), (7, 225), (7, 270), (7, 315), (7, 0), (7, 45), (7, 90), (6, 90), (6, 135), (5, 135), (5, 180)]
Iteration #21 -------------------------
Current node: (5, 225)
Frontier: [(5, 270), (4, 225), (4, 180), (4, 135), (5, 90), (6, 45), (6, 0), (6, 315), (6, 270), (6, 225), (6, 180), (7, 135), (8, 90), (8, 45), (8, 0), (8, 315), (8, 270), (9, 180), (8, 225)]
Explored States: [(9, 225), (9, 270), (9, 315), (9, 0), (9, 45), (9, 90), (9, 135), (8, 135), (8, 180), (7, 180), (7, 225), (7, 270), (7, 315), (7, 0), (7, 45), (7, 90), (6, 90), (6, 135), (5, 135), (5, 180), (5, 225)]
Iteration #22 -------------------------
Current node: (5, 270)
Frontier: [(5, 315), (4, 270), (4, 225), (4, 180), (4, 135), (5, 90), (6, 45), (6, 0), (6, 315), (6, 270), (6, 225), (6, 180), (7, 135), (8, 90), (8, 45), (8, 0), (8, 315), (8, 270), (9, 180), (8, 225)]
Explored States: [(9, 225), (9, 270), (9, 315), (9, 0), (9, 45), (9, 90), (9, 135), (8, 135), (8, 180), (7, 180), (7, 225), (7, 270), (7, 315), (7, 0), (7, 45), (7, 90), (6, 90), (6, 135), (5, 135), (5, 180), (5, 225), (5, 270)]
Iteration #23 -------------------------
Current node: (5, 315)
Frontier: [(5, 0), (4, 315), (4, 270), (4, 225), (4, 180), (4, 135), (5, 90), (6, 45), (6, 0), (6, 315), (6, 270), (6, 225), (6, 180), (7, 135), (8, 90), (8, 45), (8, 0), (8, 315), (8, 270), (9, 180), (8, 225)]
Explored States: [(9, 225), (9, 270), (9, 315), (9, 0), (9, 45), (9, 90), (9, 135), (8, 135), (8, 180), (7, 180), (7, 225), (7, 270), (7, 315), (7, 0), (7, 45), (7, 90), (6, 90), (6, 135), (5, 135), (5, 180), (5, 225), (5, 270), (5, 315)]
Iteration #24 -------------------------
Current node: (5, 0)
Frontier: [(5, 45), (4, 0), (4, 315), (4, 270), (4, 225), (4, 180), (4, 135), (5, 90), (6, 45), (6, 0), (6, 315), (6, 270), (6, 225), (6, 180), (7, 135), (8, 90), (8, 45), (8, 0), (8, 315), (8, 270), (9, 180), (8, 225)]
Explored States: [(9, 225), (9, 270), (9, 315), (9, 0), (9, 45), (9, 90), (9, 135), (8, 135), (8, 180), (7, 180), (7, 225), (7, 270), (7, 315), (7, 0), (7, 45), (7, 90), (6, 90), (6, 135), (5, 135), (5, 180), (5, 225), (5, 270), (5, 315), (5, 0)]
Iteration #25 -------------------------
Current node: (5, 45)
Frontier: [(4, 45), (4, 0), (4, 315), (4, 270), (4, 225), (4, 180), (4, 135), (5, 90), (6, 45), (6, 0), (6, 315), (6, 270), (6, 225), (6, 180), (7, 135), (8, 90), (8, 45), (8, 0), (8, 315), (8, 270), (9, 180), (8, 225)]
Explored States: [(9, 225), (9, 270), (9, 315), (9, 0), (9, 45), (9, 90), (9, 135), (8, 135), (8, 180), (7, 180), (7, 225), (7, 270), (7, 315), (7, 0), (7, 45), (7, 90), (6, 90), (6, 135), (5, 135), (5, 180), (5, 225), (5, 270), (5, 315), (5, 0), (5, 45)]
Iteration #26 -------------------------
Current node: (4, 45)
Frontier: [(4, 90), (3, 45), (4, 0), (4, 315), (4, 270), (4, 225), (4, 180), (4, 135), (5, 90), (6, 45), (6, 0), (6, 315), (6, 270), (6, 225), (6, 180), (7, 135), (8, 90), (8, 45), (8, 0), (8, 315), (8, 270), (9, 180), (8, 225)]
Explored States: [(9, 225), (9, 270), (9, 315), (9, 0), (9, 45), (9, 90), (9, 135), (8, 135), (8, 180), (7, 180), (7, 225), (7, 270), (7, 315), (7, 0), (7, 45), (7, 90), (6, 90), (6, 135), (5, 135), (5, 180), (5, 225), (5, 270), (5, 315), (5, 0), (5, 45), (4, 45)]
Iteration #27 -------------------------
Current node: (4, 90)
Frontier: [(3, 90), (3, 45), (4, 0), (4, 315), (4, 270), (4, 225), (4, 180), (4, 135), (5, 90), (6, 45), (6, 0), (6, 315), (6, 270), (6, 225), (6, 180), (7, 135), (8, 90), (8, 45), (8, 0), (8, 315), (8, 270), (9, 180), (8, 225)]
Explored States: [(9, 225), (9, 270), (9, 315), (9, 0), (9, 45), (9, 90), (9, 135), (8, 135), (8, 180), (7, 180), (7, 225), (7, 270), (7, 315), (7, 0), (7, 45), (7, 90), (6, 90), (6, 135), (5, 135), (5, 180), (5, 225), (5, 270), (5, 315), (5, 0), (5, 45), (4, 45), (4, 90)]
Iteration #28 -------------------------
Current node: (3, 90)
Frontier: [(3, 135), (2, 90), (3, 45), (4, 0), (4, 315), (4, 270), (4, 225), (4, 180), (4, 135), (5, 90), (6, 45), (6, 0), (6, 315), (6, 270), (6, 225), (6, 180), (7, 135), (8, 90), (8, 45), (8, 0), (8, 315), (8, 270), (9, 180), (8, 225)]
Explored States: [(9, 225), (9, 270), (9, 315), (9, 0), (9, 45), (9, 90), (9, 135), (8, 135), (8, 180), (7, 180), (7, 225), (7, 270), (7, 315), (7, 0), (7, 45), (7, 90), (6, 90), (6, 135), (5, 135), (5, 180), (5, 225), (5, 270), (5, 315), (5, 0), (5, 45), (4, 45), (4, 90), (3, 90)]
Iteration #29 -------------------------
Current node: (3, 135)
Frontier: [(3, 180), (2, 135), (2, 90), (3, 45), (4, 0), (4, 315), (4, 270), (4, 225), (4, 180), (4, 135), (5, 90), (6, 45), (6, 0), (6, 315), (6, 270), (6, 225), (6, 180), (7, 135), (8, 90), (8, 45), (8, 0), (8, 315), (8, 270), (9, 180), (8, 225)]
Explored States: [(9, 225), (9, 270), (9, 315), (9, 0), (9, 45), (9, 90), (9, 135), (8, 135), (8, 180), (7, 180), (7, 225), (7, 270), (7, 315), (7, 0), (7, 45), (7, 90), (6, 90), (6, 135), (5, 135), (5, 180), (5, 225), (5, 270), (5, 315), (5, 0), (5, 45), (4, 45), (4, 90), (3, 90), (3, 135)]
Iteration #30 -------------------------
Current node: (3, 180)
Frontier: [(3, 225), (2, 180), (2, 135), (2, 90), (3, 45), (4, 0), (4, 315), (4, 270), (4, 225), (4, 180), (4, 135), (5, 90), (6, 45), (6, 0), (6, 315), (6, 270), (6, 225), (6, 180), (7, 135), (8, 90), (8, 45), (8, 0), (8, 315), (8, 270), (9, 180), (8, 225)]
Explored States: [(9, 225), (9, 270), (9, 315), (9, 0), (9, 45), (9, 90), (9, 135), (8, 135), (8, 180), (7, 180), (7, 225), (7, 270), (7, 315), (7, 0), (7, 45), (7, 90), (6, 90), (6, 135), (5, 135), (5, 180), (5, 225), (5, 270), (5, 315), (5, 0), (5, 45), (4, 45), (4, 90), (3, 90), (3, 135), (3, 180)]
Iteration #31 -------------------------
Current node: (3, 225)
Frontier: [(3, 270), (2, 225), (2, 180), (2, 135), (2, 90), (3, 45), (4, 0), (4, 315), (4, 270), (4, 225), (4, 180), (4, 135), (5, 90), (6, 45), (6, 0), (6, 315), (6, 270), (6, 225), (6, 180), (7, 135), (8, 90), (8, 45), (8, 0), (8, 315), (8, 270), (9, 180), (8, 225)]
Explored States: [(9, 225), (9, 270), (9, 315), (9, 0), (9, 45), (9, 90), (9, 135), (8, 135), (8, 180), (7, 180), (7, 225), (7, 270), (7, 315), (7, 0), (7, 45), (7, 90), (6, 90), (6, 135), (5, 135), (5, 180), (5, 225), (5, 270), (5, 315), (5, 0), (5, 45), (4, 45), (4, 90), (3, 90), (3, 135), (3, 180), (3, 225)]
Iteration #32 -------------------------
Current node: (3, 270)
Frontier: [(3, 315), (2, 270), (2, 225), (2, 180), (2, 135), (2, 90), (3, 45), (4, 0), (4, 315), (4, 270), (4, 225), (4, 180), (4, 135), (5, 90), (6, 45), (6, 0), (6, 315), (6, 270), (6, 225), (6, 180), (7, 135), (8, 90), (8, 45), (8, 0), (8, 315), (8, 270), (9, 180), (8, 225)]
Explored States: [(9, 225), (9, 270), (9, 315), (9, 0), (9, 45), (9, 90), (9, 135), (8, 135), (8, 180), (7, 180), (7, 225), (7, 270), (7, 315), (7, 0), (7, 45), (7, 90), (6, 90), (6, 135), (5, 135), (5, 180), (5, 225), (5, 270), (5, 315), (5, 0), (5, 45), (4, 45), (4, 90), (3, 90), (3, 135), (3, 180), (3, 225), (3, 270)]
Iteration #33 -------------------------
Current node: (3, 315)
Frontier: [(3, 0), (2, 315), (2, 270), (2, 225), (2, 180), (2, 135), (2, 90), (3, 45), (4, 0), (4, 315), (4, 270), (4, 225), (4, 180), (4, 135), (5, 90), (6, 45), (6, 0), (6, 315), (6, 270), (6, 225), (6, 180), (7, 135), (8, 90), (8, 45), (8, 0), (8, 315), (8, 270), (9, 180), (8, 225)]
Explored States: [(9, 225), (9, 270), (9, 315), (9, 0), (9, 45), (9, 90), (9, 135), (8, 135), (8, 180), (7, 180), (7, 225), (7, 270), (7, 315), (7, 0), (7, 45), (7, 90), (6, 90), (6, 135), (5, 135), (5, 180), (5, 225), (5, 270), (5, 315), (5, 0), (5, 45), (4, 45), (4, 90), (3, 90), (3, 135), (3, 180), (3, 225), (3, 270), (3, 315)]
Iteration #34 -------------------------
Current node: (3, 0)
Frontier: [(2, 0), (2, 315), (2, 270), (2, 225), (2, 180), (2, 135), (2, 90), (3, 45), (4, 0), (4, 315), (4, 270), (4, 225), (4, 180), (4, 135), (5, 90), (6, 45), (6, 0), (6, 315), (6, 270), (6, 225), (6, 180), (7, 135), (8, 90), (8, 45), (8, 0), (8, 315), (8, 270), (9, 180), (8, 225)]
Explored States: [(9, 225), (9, 270), (9, 315), (9, 0), (9, 45), (9, 90), (9, 135), (8, 135), (8, 180), (7, 180), (7, 225), (7, 270), (7, 315), (7, 0), (7, 45), (7, 90), (6, 90), (6, 135), (5, 135), (5, 180), (5, 225), (5, 270), (5, 315), (5, 0), (5, 45), (4, 45), (4, 90), (3, 90), (3, 135), (3, 180), (3, 225), (3, 270), (3, 315), (3, 0)]
Iteration #35 -------------------------
Current node: (2, 0)
Frontier: [(2, 45), (1, 0), (2, 315), (2, 270), (2, 225), (2, 180), (2, 135), (2, 90), (3, 45), (4, 0), (4, 315), (4, 270), (4, 225), (4, 180), (4, 135), (5, 90), (6, 45), (6, 0), (6, 315), (6, 270), (6, 225), (6, 180), (7, 135), (8, 90), (8, 45), (8, 0), (8, 315), (8, 270), (9, 180), (8, 225)]
Explored States: [(9, 225), (9, 270), (9, 315), (9, 0), (9, 45), (9, 90), (9, 135), (8, 135), (8, 180), (7, 180), (7, 225), (7, 270), (7, 315), (7, 0), (7, 45), (7, 90), (6, 90), (6, 135), (5, 135), (5, 180), (5, 225), (5, 270), (5, 315), (5, 0), (5, 45), (4, 45), (4, 90), (3, 90), (3, 135), (3, 180), (3, 225), (3, 270), (3, 315), (3, 0), (2, 0)]
Iteration #36 -------------------------
Current node: (2, 45)
Frontier: [(1, 0), (2, 315), (2, 270), (2, 225), (2, 180), (2, 135), (2, 90), (3, 45), (4, 0), (4, 315), (4, 270), (4, 225), (4, 180), (4, 135), (5, 90), (6, 45), (6, 0), (6, 315), (6, 270), (6, 225), (6, 180), (7, 135), (8, 90), (8, 45), (8, 0), (8, 315), (8, 270), (9, 180), (8, 225)]
Explored States: [(9, 225), (9, 270), (9, 315), (9, 0), (9, 45), (9, 90), (9, 135), (8, 135), (8, 180), (7, 180), (7, 225), (7, 270), (7, 315), (7, 0), (7, 45), (7, 90), (6, 90), (6, 135), (5, 135), (5, 180), (5, 225), (5, 270), (5, 315), (5, 0), (5, 45), (4, 45), (4, 90), (3, 90), (3, 135), (3, 180), (3, 225), (3, 270), (3, 315), (3, 0), (2, 0), (2, 45)]

Path found using DFS in 8.161 ms!
Flight instructions (35) : [H90, H90, H90, H90, H90, H90, H360, H90, H360, H90, H90, H90, H90, H90, H90, H360, H90, H360, H90, H90, H90, H90, H90, H90, H360, H90, H360, H90, H90, H90, H90, H90, H90, H360, H90]
Path followed (36 states): [(9, 225), (9, 270), (9, 315), (9, 0), (9, 45), (9, 90), (9, 135), (8, 135), (8, 180), (7, 180), (7, 225), (7, 270), (7, 315), (7, 0), (7, 45), (7, 90), (6, 90), (6, 135), (5, 135), (5, 180), (5, 225), (5, 270), (5, 315), (5, 0), (5, 45), (4, 45), (4, 90), (3, 90), (3, 135), (3, 180), (3, 225), (3, 270), (3, 315), (3, 0), (2, 0), (2, 45)]
Solution path cost: 135.805

Current node depth: 35
Nodes created: 65
36 states expanded: [(9, 225), (9, 270), (9, 315), (9, 0), (9, 45), (9, 90), (9, 135), (8, 135), (8, 180), (7, 180), (7, 225), (7, 270), (7, 315), (7, 0), (7, 45), (7, 90), (6, 90), (6, 135), (5, 135), (5, 180), (5, 225), (5, 270), (5, 315), (5, 0), (5, 45), (4, 45), (4, 90), (3, 90), (3, 135), (3, 180), (3, 225), (3, 270), (3, 315), (3, 0), (2, 0), (2, 45)]
