Search type: DFS
Size of world N: 10
Start point: (2, 45)
End point: (9, 225)
Obstacles located at: []

Starting Depth-First Search...
Iteration #1 -------------------------
Current node: (2, 45)
Frontier: [(2, 90), (2, 0), (1, 45), (3, 45)]
Explored States: [(2, 45)]
Iteration #2 -------------------------
Current node: (2, 90)
Frontier: [(2, 135), (1, 90), (3, 90), (2, 0), (1, 45), (3, 45)]
Explored States: [(2, 45), (2, 90)]
Iteration #3 -------------------------
Current node: (2, 135)
Frontier: [(2, 180), (1, 135), (3, 135), (1, 90), (3, 90), (2, 0), (1, 45), (3, 45)]
Explored States: [(2, 45), (2, 90), (2, 135)]
Iteration #4 -------------------------
Current node: (2, 180)
Frontier: [(2, 225), (1, 180), (3, 180), (1, 135), (3, 135), (1, 90), (3, 90), (2, 0), (1, 45), (3, 45)]
Explored States: [(2, 45), (2, 90), (2, 135), (2, 180)]
Iteration #5 -------------------------
Current node: (2, 225)
Frontier: [(2, 270), (1, 225), (3, 225), (1, 180), (3, 180), (1, 135), (3, 135), (1, 90), (3, 90), (2, 0), (1, 45), (3, 45)]
Explored States: [(2, 45), (2, 90), (2, 135), (2, 180), (2, 225)]
Iteration #6 -------------------------
Current node: (2, 270)
Frontier: [(2, 315), (1, 270), (3, 270), (1, 225), (3, 225), (1, 180), (3, 180), (1, 135), (3, 135), (1, 90), (3, 90), (2, 0), (1, 45), (3, 45)]
Explored States: [(2, 45), (2, 90), (2, 135), (2, 180), (2, 225), (2, 270)]
Iteration #7 -------------------------
Current node: (2, 315)
Frontier: [(1, 315), (3, 315), (1, 270), (3, 270), (1, 225), (3, 225), (1, 180), (3, 180), (1, 135), (3, 135), (1, 90), (3, 90), (2, 0), (1, 45), (3, 45)]
Explored States: [(2, 45), (2, 90), (2, 135), (2, 180), (2, 225), (2, 270), (2, 315)]
Iteration #8 -------------------------
Current node: (1, 315)
Frontier: [(1, 0), (0, 315), (3, 315), (1, 270), (3, 270), (1, 225), (3, 225), (1, 180), (3, 180), (1, 135), (3, 135), (1, 90), (3, 90), (2, 0), (1, 45), (3, 45)]
Explored States: [(2, 45), (2, 90), (2, 135), (2, 180), (2, 225), (2, 270), (2, 315), (1, 315)]
Iteration #9 -------------------------
Current node: (1, 0)
Frontier: [(0, 315), (3, 315), (1, 270), (3, 270), (1, 225), (3, 225), (1, 180), (3, 180), (1, 135), (3, 135), (1, 90), (3, 90), (2, 0), (1, 45), (3, 45)]
Explored States: [(2, 45), (2, 90), (2, 135), (2, 180), (2, 225), (2, 270), (2, 315), (1, 315), (1, 0)]
Iteration #10 -------------------------
Current node: (0, 315)
Frontier: [(0, 270), (3, 315), (1, 270), (3, 270), (1, 225), (3, 225), (1, 180), (3, 180), (1, 135), (3, 135), (1, 90), (3, 90), (2, 0), (1, 45), (3, 45)]
Explored States: [(2, 45), (2, 90), (2, 135), (2, 180), (2, 225), (2, 270), (2, 315), (1, 315), (1, 0), (0, 315)]
Iteration #11 -------------------------
Current node: (0, 270)
Frontier: [(0, 225), (3, 315), (1, 270), (3, 270), (1, 225), (3, 225), (1, 180), (3, 180), (1, 135), (3, 135), (1, 90), (3, 90), (2, 0), (1, 45), (3, 45)]
Explored States: [(2, 45), (2, 90), (2, 135), (2, 180), (2, 225), (2, 270), (2, 315), (1, 315), (1, 0), (0, 315), (0, 270)]
Iteration #12 -------------------------
Current node: (0, 225)
Frontier: [(0, 180), (3, 315), (1, 270), (3, 270), (1, 225), (3, 225), (1, 180), (3, 180), (1, 135), (3, 135), (1, 90), (3, 90), (2, 0), (1, 45), (3, 45)]
Explored States: [(2, 45), (2, 90), (2, 135), (2, 180), (2, 225), (2, 270), (2, 315), (1, 315), (1, 0), (0, 315), (0, 270), (0, 225)]
Iteration #13 -------------------------
Current node: (0, 180)
Frontier: [(0, 135), (3, 315), (1, 270), (3, 270), (1, 225), (3, 225), (1, 180), (3, 180), (1, 135), (3, 135), (1, 90), (3, 90), (2, 0), (1, 45), (3, 45)]
Explored States: [(2, 45), (2, 90), (2, 135), (2, 180), (2, 225), (2, 270), (2, 315), (1, 315), (1, 0), (0, 315), (0, 270), (0, 225), (0, 180)]
Iteration #14 -------------------------
Current node: (0, 135)
Frontier: [(0, 90), (3, 315), (1, 270), (3, 270), (1, 225), (3, 225), (1, 180), (3, 180), (1, 135), (3, 135), (1, 90), (3, 90), (2, 0), (1, 45), (3, 45)]
Explored States: [(2, 45), (2, 90), (2, 135), (2, 180), (2, 225), (2, 270), (2, 315), (1, 315), (1, 0), (0, 315), (0, 270), (0, 225), (0, 180), (0, 135)]
Iteration #15 -------------------------
Current node: (0, 90)
Frontier: [(0, 45), (3, 315), (1, 270), (3, 270), (1, 225), (3, 225), (1, 180), (3, 180), (1, 135), (3, 135), (1, 90), (3, 90), (2, 0), (1, 45), (3, 45)]
Explored States: [(2, 45), (2, 90), (2, 135), (2, 180), (2, 225), (2, 270), (2, 315), (1, 315), (1, 0), (0, 315), (0, 270), (0, 225), (0, 180), (0, 135), (0, 90)]
Iteration #16 -------------------------
Current node: (0, 45)
Frontier: [(3, 315), (1, 270), (3, 270), (1, 225), (3, 225), (1, 180), (3, 180), (1, 135), (3, 135), (1, 90), (3, 90), (2, 0), (1, 45), (3, 45)]
Explored States: [(2, 45), (2, 90), (2, 135), (2, 180), (2, 225), (2, 270), (2, 315), (1, 315), (1, 0), (0, 315), (0, 270), (0, 225), (0, 180), (0, 135), (0, 90), (0, 45)]
Iteration #17 -------------------------
Current node: (3, 315)
Frontier: [(3, 0), (4, 315), (1, 270), (3, 270), (1, 225), (3, 225), (1, 180), (3, 180), (1, 135), (3, 135), (1, 90), (3, 90), (2, 0), (1, 45), (3, 45)]
Explored States: [(2, 45), (2, 90), (2, 135), (2, 180), (2, 225), (2, 270), (2, 315), (1, 315), (1, 0), (0, 315), (0, 270), (0, 225), (0, 180), (0, 135), (0, 90), (0, 45), (3, 315)]
Iteration #18 -------------------------
Current node: (3, 0)
Frontier: [(4, 0), (4, 315), (1, 270), (3, 270), (1, 225), (3, 225), (1, 180), (3, 180), (1, 135), (3, 135), (1, 90), (3, 90), (2, 0), (1, 45), (3, 45)]
Explored States: [(2, 45), (2, 90), (2, 135), (2, 180), (2, 225), (2, 270), (2, 315), (1, 315), (1, 0), (0, 315), (0, 270), (0, 225), (0, 180), (0, 135), (0, 90), (0, 45), (3, 315), (3, 0)]
Iteration #19 -------------------------
Current node: (4, 0)
Frontier: [(4, 45), (5, 0), (4, 315), (1, 270), (3, 270), (1, 225), (3, 225), (1, 180), (3, 180), (1, 135), (3, 135), (1, 90), (3, 90), (2, 0), (1, 45), (3, 45)]
Explored States: [(2, 45), (2, 90), (2, 135), (2, 180), (2, 225), (2, 270), (2, 315), (1, 315), (1, 0), (0, 315), (0, 270), (0, 225), (0, 180), (0, 135), (0, 90), (0, 45), (3, 315), (3, 0), (4, 0)]
Iteration #20 -------------------------
Current node: (4, 45)
Frontier: [(4, 90), (5, 45), (5, 0), (4, 315), (1, 270), (3, 270), (1, 225), (3, 225), (1, 180), (3, 180), (1, 135), (3, 135), (1, 90), (3, 90), (2, 0), (1, 45), (3, 45)]
Explored States: [(2, 45), (2, 90), (2, 135), (2, 180), (2, 225), (2, 270), (2, 315), (1, 315), (1, 0), (0, 315), (0, 270), (0, 225), (0, 180), (0, 135), (0, 90), (0, 45), (3, 315), (3, 0), (4, 0), (4, 45)]
Iteration #21 -------------------------
Current node: (4, 90)
Frontier: [(4, 135), (5, 90), (5, 45), (5, 0), (4, 315), (1, 270), (3, 270), (1, 225), (3, 225), (1, 180), (3, 180), (1, 135), (3, 135), (1, 90), (3, 90), (2, 0), (1, 45), (3, 45)]
Explored States: [(2, 45), (2, 90), (2, 135), (2, 180), (2, 225), (2, 270), (2, 315), (1, 315), (1, 0), (0, 315), (0, 270), (0, 225), (0, 180), (0, 135), (0, 90), (0, 45), (3, 315), (3, 0), (4, 0), (4, 45), (4, 90)]
Iteration #22 -------------------------
Current node: (4, 135)
Frontier: [(4, 180), (5, 135), (5, 90), (5, 45), (5, 0), (4, 315), (1, 270), (3, 270), (1, 225), (3, 225), (1, 180), (3, 180), (1, 135), (3, 135), (1, 90), (3, 90), (2, 0), (1, 45), (3, 45)]
Explored States: [(2, 45), (2, 90), (2, 135), (2, 180), (2, 225), (2, 270), (2, 315), (1, 315), (1, 0), (0, 315), (0, 270), (0, 225), (0, 180), (0, 135), (0, 90), (0, 45), (3, 315), (3, 0), (4, 0), (4, 45), (4, 90), (4, 135)]
Iteration #23 -------------------------
Current node: (4, 180)
Frontier: [(4, 225), (5, 180), (5, 135), (5, 90), (5, 45), (5, 0), (4, 315), (1, 270), (3, 270), (1, 225), (3, 225), (1, 180), (3, 180), (1, 135), (3, 135), (1, 90), (3, 90), (2, 0), (1, 45), (3, 45)]
Explored States: [(2, 45), (2, 90), (2, 135), (2, 180), (2, 225), (2, 270), (2, 315), (1, 315), (1, 0), (0, 315), (0, 270), (0, 225), (0, 180), (0, 135), (0, 90), (0, 45), (3, 315), (3, 0), (4, 0), (4, 45), (4, 90), (4, 135), (4, 180)]
Iteration #24 -------------------------
Current node: (4, 225)
Frontier: [(4, 270), (5, 225), (5, 180), (5, 135), (5, 90), (5, 45), (5, 0), (4, 315), (1, 270), (3, 270), (1, 225), (3, 225), (1, 180), (3, 180), (1, 135), (3, 135), (1, 90), (3, 90), (2, 0), (1, 45), (3, 45)]
Explored States: [(2, 45), (2, 90), (2, 135), (2, 180), (2, 225), (2, 270), (2, 315), (1, 315), (1, 0), (0, 315), (0, 270), (0, 225), (0, 180), (0, 135), (0, 90), (0, 45), (3, 315), (3, 0), (4, 0), (4, 45), (4, 90), (4, 135), (4, 180), (4, 225)]
Iteration #25 -------------------------
Current node: (4, 270)
Frontier: [(5, 270), (5, 225), (5, 180), (5, 135), (5, 90), (5, 45), (5, 0), (4, 315), (1, 270), (3, 270), (1, 225), (3, 225), (1, 180), (3, 180), (1, 135), (3, 135), (1, 90), (3, 90), (2, 0), (1, 45), (3, 45)]
Explored States: [(2, 45), (2, 90), (2, 135), (2, 180), (2, 225), (2, 270), (2, 315), (1, 315), (1, 0), (0, 315), (0, 270), (0, 225), (0, 180), (0, 135), (0, 90), (0, 45), (3, 315), (3, 0), (4, 0), (4, 45), (4, 90), (4, 135), (4, 180), (4, 225), (4, 270)]
Iteration #26 -------------------------
Current node: (5, 270)
Frontier: [(5, 315), (6, 270), (5, 225), (5, 180), (5, 135), (5, 90), (5, 45), (5, 0), (4, 315), (1, 270), (3, 270), (1, 225), (3, 225), (1, 180), (3, 180), (1, 135), (3, 135), (1, 90), (3, 90), (2, 0), (1, 45), (3, 45)]
Explored States: [(2, 45), (2, 90), (2, 135), (2, 180), (2, 225), (2, 270), (2, 315), (1, 315), (1, 0), (0, 315), (0, 270), (0, 225), (0, 180), (0, 135), (0, 90), (0, 45), (3, 315), (3, 0), (4, 0), (4, 45), (4, 90), (4, 135), (4, 180), (4, 225), (4, 270), (5, 270)]
Iteration #27 -------------------------
Current node: (5, 315)
Frontier: [(6, 315), (6, 270), (5, 225), (5, 180), (5, 135), (5, 90), (5, 45), (5, 0), (4, 315), (1, 270), (3, 270), (1, 225), (3, 225), (1, 180), (3, 180), (1, 135), (3, 135), (1, 90), (3, 90), (2, 0), (1, 45), (3, 45)]
Explored States: [(2, 45), (2, 90), (2, 135), (2, 180), (2, 225), (2, 270), (2, 315), (1, 315), (1, 0), (0, 315), (0, 270), (0, 225), (0, 180), (0, 135), (0, 90), (0, 45), (3, 315), (3, 0), (4, 0), (4, 45), (4, 90), (4, 135), (4, 180), (4, 225), (4, 270), (5, 270), (5, 315)]
Iteration #28 -------------------------
Current node: (6, 315)
Frontier: [(6, 0), (7, 315), (6, 270), (5, 225), (5, 180), (5, 135), (5, 90), (5, 45), (5, 0), (4, 315), (1, 270), (3, 270), (1, 225), (3, 225), (1, 180), (3, 180), (1, 135), (3, 135), (1, 90), (3, 90), (2, 0), (1, 45), (3, 45)]
Explored States: [(2, 45), (2, 90), (2, 135), (2, 180), (2, 225), (2, 270), (2, 315), (1, 315), (1, 0), (0, 315), (0, 270), (0, 225), (0, 180), (0, 135), (0, 90), (0, 45), (3, 315), (3, 0), (4, 0), (4, 45), (4, 90), (4, 135), (4, 180), (4, 225), (4, 270), (5, 270), (5, 315), (6, 315)]
Iteration #29 -------------------------
Current node: (6, 0)
Frontier: [(6, 45), (7, 0), (7, 315), (6, 270), (5, 225), (5, 180), (5, 135), (5, 90), (5, 45), (5, 0), (4, 315), (1, 270), (3, 270), (1, 225), (3, 225), (1, 180), (3, 180), (1, 135), (3, 135), (1, 90), (3, 90), (2, 0), (1, 45), (3, 45)]
Explored States: [(2, 45), (2, 90), (2, 135), (2, 180), (2, 225), (2, 270), (2, 315), (1, 315), (1, 0), (0, 315), (0, 270), (0, 225), (0, 180), (0, 135), (0, 90), (0, 45), (3, 315), (3, 0), (4, 0), (4, 45), (4, 90), (4, 135), (4, 180), (4, 225), (4, 270), (5, 270), (5, 315), (6, 315), (6, 0)]
Iteration #30 -------------------------
Current node: (6, 45)
Frontier: [(6, 90), (7, 45), (7, 0), (7, 315), (6, 270), (5, 225), (5, 180), (5, 135), (5, 90), (5, 45), (5, 0), (4, 315), (1, 270), (3, 270), (1, 225), (3, 225), (1, 180), (3, 180), (1, 135), (3, 135), (1, 90), (3, 90), (2, 0), (1, 45), (3, 45)]
Explored States: [(2, 45), (2, 90), (2, 135), (2, 180), (2, 225), (2, 270), (2, 315), (1, 315), (1, 0), (0, 315), (0, 270), (0, 225), (0, 180), (0, 135), (0, 90), (0, 45), (3, 315), (3, 0), (4, 0), (4, 45), (4, 90), (4, 135), (4, 180), (4, 225), (4, 270), (5, 270), (5, 315), (6, 315), (6, 0), (6, 45)]
Iteration #31 -------------------------
Current node: (6, 90)
Frontier: [(6, 135), (7, 90), (7, 45), (7, 0), (7, 315), (6, 270), (5, 225), (5, 180), (5, 135), (5, 90), (5, 45), (5, 0), (4, 315), (1, 270), (3, 270), (1, 225), (3, 225), (1, 180), (3, 180), (1, 135), (3, 135), (1, 90), (3, 90), (2, 0), (1, 45), (3, 45)]
Explored States: [(2, 45), (2, 90), (2, 135), (2, 180), (2, 225), (2, 270), (2, 315), (1, 315), (1, 0), (0, 315), (0, 270), (0, 225), (0, 180), (0, 135), (0, 90), (0, 45), (3, 315), (3, 0), (4, 0), (4, 45), (4, 90), (4, 135), (4, 180), (4, 225), (4, 270), (5, 270), (5, 315), (6, 315), (6, 0), (6, 45), (6, 90)]
Iteration #32 -------------------------
Current node: (6, 135)
Frontier: [(6, 180), (7, 135), (7, 90), (7, 45), (7, 0), (7, 315), (6, 270), (5, 225), (5, 180), (5, 135), (5, 90), (5, 45), (5, 0), (4, 315), (1, 270), (3, 270), (1, 225), (3, 225), (1, 180), (3, 180), (1, 135), (3, 135), (1, 90), (3, 90), (2, 0), (1, 45), (3, 45)]
Explored States: [(2, 45), (2, 90), (2, 135), (2, 180), (2, 225), (2, 270), (2, 315), (1, 315), (1, 0), (0, 315), (0, 270), (0, 225), (0, 180), (0, 135), (0, 90), (0, 45), (3, 315), (3, 0), (4, 0), (4, 45), (4, 90), (4, 135), (4, 180), (4, 225), (4, 270), (5, 270), (5, 315), (6, 315), (6, 0), (6, 45), (6, 90), (6, 135)]
Iteration #33 -------------------------
Current node: (6, 180)
Frontier: [(6, 225), (7, 180), (7, 135), (7, 90), (7, 45), (7, 0), (7, 315), (6, 270), (5, 225), (5, 180), (5, 135), (5, 90), (5, 45), (5, 0), (4, 315), (1, 270), (3, 270), (1, 225), (3, 225), (1, 180), (3, 180), (1, 135), (3, 135), (1, 90), (3, 90), (2, 0), (1, 45), (3, 45)]
Explored States: [(2, 45), (2, 90), (2, 135), (2, 180), (2, 225), (2, 270), (2, 315), (1, 315), (1, 0), (0, 315), (0, 270), (0, 225), (0, 180), (0, 135), (0, 90), (0, 45), (3, 315), (3, 0), (4, 0), (4, 45), (4, 90), (4, 135), (4, 180), (4, 225), (4, 270), (5, 270), (5, 315), (6, 315), (6, 0), (6, 45), (6, 90), (6, 135), (6, 180)]
Iteration #34 -------------------------
Current node: (6, 225)
Frontier: [(7, 225), (7, 180), (7, 135), (7, 90), (7, 45), (7, 0), (7, 315), (6, 270), (5, 225), (5, 180), (5, 135), (5, 90), (5, 45), (5, 0), (4, 315), (1, 270), (3, 270), (1, 225), (3, 225), (1, 180), (3, 180), (1, 135), (3, 135), (1, 90), (3, 90), (2, 0), (1, 45), (3, 45)]
Explored States: [(2, 45), (2, 90), (2, 135), (2, 180), (2, 225), (2, 270), (2, 315), (1, 315), (1, 0), (0, 315), (0, 270), (0, 225), (0, 180), (0, 135), (0, 90), (0, 45), (3, 315), (3, 0), (4, 0), (4, 45), (4, 90), (4, 135), (4, 180), (4, 225), (4, 270), (5, 270), (5, 315), (6, 315), (6, 0), (6, 45), (6, 90), (6, 135), (6, 180), (6, 225)]
Iteration #35 -------------------------
Current node: (7, 225)
Frontier: [(7, 270), (8, 225), (7, 180), (7, 135), (7, 90), (7, 45), (7, 0), (7, 315), (6, 270), (5, 225), (5, 180), (5, 135), (5, 90), (5, 45), (5, 0), (4, 315), (1, 270), (3, 270), (1, 225), (3, 225), (1, 180), (3, 180), (1, 135), (3, 135), (1, 90), (3, 90), (2, 0), (1, 45), (3, 45)]
Explored States: [(2, 45), (2, 90), (2, 135), (2, 180), (2, 225), (2, 270), (2, 315), (1, 315), (1, 0), (0, 315), (0, 270), (0, 225), (0, 180), (0, 135), (0, 90), (0, 45), (3, 315), (3, 0), (4, 0), (4, 45), (4, 90), (4, 135), (4, 180), (4, 225), (4, 270), (5, 270), (5, 315), (6, 315), (6, 0), (6, 45), (6, 90), (6, 135), (6, 180), (6, 225), (7, 225)]
Iteration #36 -------------------------
Current node: (7, 270)
Frontier: [(8, 270), (8, 225), (7, 180), (7, 135), (7, 90), (7, 45), (7, 0), (7, 315), (6, 270), (5, 225), (5, 180), (5, 135), (5, 90), (5, 45), (5, 0), (4, 315), (1, 270), (3, 270), (1, 225), (3, 225), (1, 180), (3, 180), (1, 135), (3, 135), (1, 90), (3, 90), (2, 0), (1, 45), (3, 45)]
Explored States: [(2, 45), (2, 90), (2, 135), (2, 180), (2, 225), (2, 270), (2, 315), (1, 315), (1, 0), (0, 315), (0, 270), (0, 225), (0, 180), (0, 135), (0, 90), (0, 45), (3, 315), (3, 0), (4, 0), (4, 45), (4, 90), (4, 135), (4, 180), (4, 225), (4, 270), (5, 270), (5, 315), (6, 315), (6, 0), (6, 45), (6, 90), (6, 135), (6, 180), (6, 225), (7, 225), (7, 270)]
Iteration #37 -------------------------
Current node: (8, 270)
Frontier: [(8, 315), (9, 270), (8, 225), (7, 180), (7, 135), (7, 90), (7, 45), (7, 0), (7, 315), (6, 270), (5, 225), (5, 180), (5, 135), (5, 90), (5, 45), (5, 0), (4, 315), (1, 270), (3, 270), (1, 225), (3, 225), (1, 180), (3, 180), (1, 135), (3, 135), (1, 90), (3, 90), (2, 0), (1, 45), (3, 45)]
Explored States: [(2, 45), (2, 90), (2, 135), (2, 180), (2, 225), (2, 270), (2, 315), (1, 315), (1, 0), (0, 315), (0, 270), (0, 225), (0, 180), (0, 135), (0, 90), (0, 45), (3, 315), (3, 0), (4, 0), (4, 45), (4, 90), (4, 135), (4, 180), (4, 225), (4, 270), (5, 270), (5, 315), (6, 315), (6, 0), (6, 45), (6, 90), (6, 135), (6, 180), (6, 225), (7, 225), (7, 270), (8, 270)]
Iteration #38 -------------------------
Current node: (8, 315)
Frontier: [(8, 0), (9, 315), (9, 270), (8, 225), (7, 180), (7, 135), (7, 90), (7, 45), (7, 0), (7, 315), (6, 270), (5, 225), (5, 180), (5, 135), (5, 90), (5, 45), (5, 0), (4, 315), (1, 270), (3, 270), (1, 225), (3, 225), (1, 180), (3, 180), (1, 135), (3, 135), (1, 90), (3, 90), (2, 0), (1, 45), (3, 45)]
Explored States: [(2, 45), (2, 90), (2, 135), (2, 180), (2, 225), (2, 270), (2, 315), (1, 315), (1, 0), (0, 315), (0, 270), (0, 225), (0, 180), (0, 135), (0, 90), (0, 45), (3, 315), (3, 0), (4, 0), (4, 45), (4, 90), (4, 135), (4, 180), (4, 225), (4, 270), (5, 270), (5, 315), (6, 315), (6, 0), (6, 45), (6, 90), (6, 135), (6, 180), (6, 225), (7, 225), (7, 270), (8, 270), (8, 315)]
Iteration #39 -------------------------
Current node: (8, 0)
Frontier: [(8, 45), (9, 0), (9, 315), (9, 270), (8, 225), (7, 180), (7, 135), (7, 90), (7, 45), (7, 0), (7, 315), (6, 270), (5, 225), (5, 180), (5, 135), (5, 90), (5, 45), (5, 0), (4, 315), (1, 270), (3, 270), (1, 225), (3, 225), (1, 180), (3, 180), (1, 135), (3, 135), (1, 90), (3, 90), (2, 0), (1, 45), (3, 45)]
Explored States: [(2, 45), (2, 90), (2, 135), (2, 180), (2, 225), (2, 270), (2, 315), (1, 315), (1, 0), (0, 315), (0, 270), (0, 225), (0, 180), (0, 135), (0, 90), (0, 45), (3, 315), (3, 0), (4, 0), (4, 45), (4, 90), (4, 135), (4, 180), (4, 225), (4, 270), (5, 270), (5, 315), (6, 315), (6, 0), (6, 45), (6, 90), (6, 135), (6, 180), (6, 225), (7, 225), (7, 270), (8, 270), (8, 315), (8, 0)]
Iteration #40 -------------------------
Current node: (8, 45)
Frontier: [(8, 90), (9, 45), (9, 0), (9, 315), (9, 270), (8, 225), (7, 180), (7, 135), (7, 90), (7, 45), (7, 0), (7, 315), (6, 270), (5, 225), (5, 180), (5, 135), (5, 90), (5, 45), (5, 0), (4, 315), (1, 270), (3, 270), (1, 225), (3, 225), (1, 180), (3, 180), (1, 135), (3, 135), (1, 90), (3, 90), (2, 0), (1, 45), (3, 45)]
Explored States: [(2, 45), (2, 90), (2, 135), (2, 180), (2, 225), (2, 270), (2, 315), (1, 315), (1, 0), (0, 315), (0, 270), (0, 225), (0, 180), (0, 135), (0, 90), (0, 45), (3, 315), (3, 0), (4, 0), (4, 45), (4, 90), (4, 135), (4, 180), (4, 225), (4, 270), (5, 270), (5, 315), (6, 315), (6, 0), (6, 45), (6, 90), (6, 135), (6, 180), (6, 225), (7, 225), (7, 270), (8, 270), (8, 315), (8, 0), (8, 45)]
Iteration #41 -------------------------
Current node: (8, 90)
Frontier: [(8, 135), (9, 90), (9, 45), (9, 0), (9, 315), (9, 270), (8, 225), (7, 180), (7, 135), (7, 90), (7, 45), (7, 0), (7, 315), (6, 270), (5, 225), (5, 180), (5, 135), (5, 90), (5, 45), (5, 0), (4, 315), (1, 270), (3, 270), (1, 225), (3, 225), (1, 180), (3, 180), (1, 135), (3, 135), (1, 90), (3, 90), (2, 0), (1, 45), (3, 45)]
Explored States: [(2, 45), (2, 90), (2, 135), (2, 180), (2, 225), (2, 270), (2, 315), (1, 315), (1, 0), (0, 315), (0, 270), (0, 225), (0, 180), (0, 135), (0, 90), (0, 45), (3, 315), (3, 0), (4, 0), (4, 45), (4, 90), (4, 135), (4, 180), (4, 225), (4, 270), (5, 270), (5, 315), (6, 315), (6, 0), (6, 45), (6, 90), (6, 135), (6, 180), (6, 225), (7, 225), (7, 270), (8, 270), (8, 315), (8, 0), (8, 45), (8, 90)]
Iteration #42 -------------------------
Current node: (8, 135)
Frontier: [(8, 180), (9, 135), (9, 90), (9, 45), (9, 0), (9, 315), (9, 270), (8, 225), (7, 180), (7, 135), (7, 90), (7, 45), (7, 0), (7, 315), (6, 270), (5, 225), (5, 180), (5, 135), (5, 90), (5, 45), (5, 0), (4, 315), (1, 270), (3, 270), (1, 225), (3, 225), (1, 180), (3, 180), (1, 135), (3, 135), (1, 90), (3, 90), (2, 0), (1, 45), (3, 45)]
Explored States: [(2, 45), (2, 90), (2, 135), (2, 180), (2, 225), (2, 270), (2, 315), (1, 315), (1, 0), (0, 315), (0, 270), (0, 225), (0, 180), (0, 135), (0, 90), (0, 45), (3, 315), (3, 0), (4, 0), (4, 45), (4, 90), (4, 135), (4, 180), (4, 225), (4, 270), (5, 270), (5, 315), (6, 315), (6, 0), (6, 45), (6, 90), (6, 135), (6, 180), (6, 225), (7, 225), (7, 270), (8, 270), (8, 315), (8, 0), (8, 45), (8, 90), (8, 135)]
Iteration #43 -------------------------
Current node: (8, 180)
Frontier: [(9, 180), (9, 135), (9, 90), (9, 45), (9, 0), (9, 315), (9, 270), (8, 225), (7, 180), (7, 135), (7, 90), (7, 45), (7, 0), (7, 315), (6, 270), (5, 225), (5, 180), (5, 135), (5, 90), (5, 45), (5, 0), (4, 315), (1, 270), (3, 270), (1, 225), (3, 225), (1, 180), (3, 180), (1, 135), (3, 135), (1, 90), (3, 90), (2, 0), (1, 45), (3, 45)]
Explored States: [(2, 45), (2, 90), (2, 135), (2, 180), (2, 225), (2, 270), (2, 315), (1, 315), (1, 0), (0, 315), (0, 270), (0, 225), (0, 180), (0, 135), (0, 90), (0, 45), (3, 315), (3, 0), (4, 0), (4, 45), (4, 90), (4, 135), (4, 180), (4, 225), (4, 270), (5, 270), (5, 315), (6, 315), (6, 0), (6, 45), (6, 90), (6, 135), (6, 180), (6, 225), (7, 225), (7, 270), (8, 270), (8, 315), (8, 0), (8, 45), (8, 90), (8, 135), (8, 180)]
Iteration #44 -------------------------
Current node: (9, 180)
Frontier: [(9, 225), (9, 135), (9, 90), (9, 45), (9, 0), (9, 315), (9, 270), (8, 225), (7, 180), (7, 135), (7, 90), (7, 45), (7, 0), (7, 315), (6, 270), (5, 225), (5, 180), (5, 135), (5, 90), (5, 45), (5, 0), (4, 315), (1, 270), (3, 270), (1, 225), (3, 225), (1, 180), (3, 180), (1, 135), (3, 135), (1, 90), (3, 90), (2, 0), (1, 45), (3, 45)]
Explored States: [(2, 45), (2, 90), (2, 135), (2, 180), (2, 225), (2, 270), (2, 315), (1, 315), (1, 0), (0, 315), (0, 270), (0, 225), (0, 180), (0, 135), (0, 90), (0, 45), (3, 315), (3, 0), (4, 0), (4, 45), (4, 90), (4, 135), (4, 180), (4, 225), (4, 270), (5, 270), (5, 315), (6, 315), (6, 0), (6, 45), (6, 90), (6, 135), (6, 180), (6, 225), (7, 225), (7, 270), (8, 270), (8, 315), (8, 0), (8, 45), (8, 90), (8, 135), (8, 180), (9, 180)]
Iteration #45 -------------------------
Current node: (9, 225)
Frontier: [(9, 135), (9, 90), (9, 45), (9, 0), (9, 315), (9, 270), (8, 225), (7, 180), (7, 135), (7, 90), (7, 45), (7, 0), (7, 315), (6, 270), (5, 225), (5, 180), (5, 135), (5, 90), (5, 45), (5, 0), (4, 315), (1, 270), (3, 270), (1, 225), (3, 225), (1, 180), (3, 180), (1, 135), (3, 135), (1, 90), (3, 90), (2, 0), (1, 45), (3, 45)]
Explored States: [(2, 45), (2, 90), (2, 135), (2, 180), (2, 225), (2, 270), (2, 315), (1, 315), (1, 0), (0, 315), (0, 270), (0, 225), (0, 180), (0, 135), (0, 90), (0, 45), (3, 315), (3, 0), (4, 0), (4, 45), (4, 90), (4, 135), (4, 180), (4, 225), (4, 270), (5, 270), (5, 315), (6, 315), (6, 0), (6, 45), (6, 90), (6, 135), (6, 180), (6, 225), (7, 225), (7, 270), (8, 270), (8, 315), (8, 0), (8, 45), (8, 90), (8, 135), (8, 180), (9, 180), (9, 225)]

Path found using DFS in 8.852 ms!
Flight instructions (35) : [H90, H90, H90, H90, H90, H90, H180, H90, H180, H90, H90, H90, H90, H90, H90, H180, H90, H180, H90, H90, H90, H90, H90, H90, H180, H90, H180, H90, H90, H90, H90, H90, H90, H180, H90]
Path followed (36 states): [(2, 45), (2, 90), (2, 135), (2, 180), (2, 225), (2, 270), (2, 315), (3, 315), (3, 0), (4, 0), (4, 45), (4, 90), (4, 135), (4, 180), (4, 225), (4, 270), (5, 270), (5, 315), (6, 315), (6, 0), (6, 45), (6, 90), (6, 135), (6, 180), (6, 225), (7, 225), (7, 270), (8, 270), (8, 315), (8, 0), (8, 45), (8, 90), (8, 135), (8, 180), (9, 180), (9, 225)]
Solution path cost: 120.097

Current node depth: 35
Nodes created: 79
45 states expanded: [(2, 45), (2, 90), (2, 135), (2, 180), (2, 225), (2, 270), (2, 315), (1, 315), (1, 0), (0, 315), (0, 270), (0, 225), (0, 180), (0, 135), (0, 90), (0, 45), (3, 315), (3, 0), (4, 0), (4, 45), (4, 90), (4, 135), (4, 180), (4, 225), (4, 270), (5, 270), (5, 315), (6, 315), (6, 0), (6, 45), (6, 90), (6, 135), (6, 180), (6, 225), (7, 225), (7, 270), (8, 270), (8, 315), (8, 0), (8, 45), (8, 90), (8, 135), (8, 180), (9, 180), (9, 225)]
