Search type: DFS
Size of world N: 8
Start point: (1, 135)
End point: (5, 135)
Obstacles located at: []

Starting Depth-First Search...
Iteration #1 -------------------------
Current node: (1, 135)
Frontier: [(1, 180), (1, 90), (0, 135), (2, 135)]
Explored States: [(1, 135)]
Iteration #2 -------------------------
Current node: (1, 180)
Frontier: [(1, 225), (0, 180), (2, 180), (1, 90), (0, 135), (2, 135)]
Explored States: [(1, 135), (1, 180)]
Iteration #3 -------------------------
Current node: (1, 225)
Frontier: [(1, 270), (0, 225), (2, 225), (0, 180), (2, 180), (1, 90), (0, 135), (2, 135)]
Explored States: [(1, 135), (1, 180), (1, 225)]
Iteration #4 -------------------------
Current node: (1, 270)
Frontier: [(1, 315), (0, 270), (2, 270), (0, 225), (2, 225), (0, 180), (2, 180), (1, 90), (0, 135), (2, 135)]
Explored States: [(1, 135), (1, 180), (1, 225), (1, 270)]
Iteration #5 -------------------------
Current node: (1, 315)
Frontier: [(1, 0), (0, 315), (2, 315), (0, 270), (2, 270), (0, 225), (2, 225), (0, 180), (2, 180), (1, 90), (0, 135), (2, 135)]
Explored States: [(1, 135), (1, 180), (1, 225), (1, 270), (1, 315)]
Iteration #6 -------------------------
Current node: (1, 0)
Frontier: [(1, 45), (2, 0), (0, 315), (2, 315), (0, 270), (2, 270), (0, 225), (2, 225), (0, 180), (2, 180), (1, 90), (0, 135), (2, 135)]
Explored States: [(1, 135), (1, 180), (1, 225), (1, 270), (1, 315), (1, 0)]
Iteration #7 -------------------------
Current node: (1, 45)
Frontier: [(0, 45), (2, 45), (2, 0), (0, 315), (2, 315), (0, 270), (2, 270), (0, 225), (2, 225), (0, 180), (2, 180), (1, 90), (0, 135), (2, 135)]
Explored States: [(1, 135), (1, 180), (1, 225), (1, 270), (1, 315), (1, 0), (1, 45)]
Iteration #8 -------------------------
Current node: (0, 45)
Frontier: [(0, 90), (2, 45), (2, 0), (0, 315), (2, 315), (0, 270), (2, 270), (0, 225), (2, 225), (0, 180), (2, 180), (1, 90), (0, 135), (2, 135)]
Explored States: [(1, 135), (1, 180), (1, 225), (1, 270), (1, 315), (1, 0), (1, 45), (0, 45)]
Iteration #9 -------------------------
Current node: (0, 90)
Frontier: [(2, 45), (2, 0), (0, 315), (2, 315), (0, 270), (2, 270), (0, 225), (2, 225), (0, 180), (2, 180), (1, 90), (0, 135), (2, 135)]
Explored States: [(1, 135), (1, 180), (1, 225), (1, 270), (1, 315), (1, 0), (1, 45), (0, 45), (0, 90)]
Iteration #10 -------------------------
Current node: (2, 45)
Frontier: [(2, 90), (3, 45), (2, 0), (0, 315), (2, 315), (0, 270), (2, 270), (0, 225), (2, 225), (0, 180), (2, 180), (1, 90), (0, 135), (2, 135)]
Explored States: [(1, 135), (1, 180), (1, 225), (1, 270), (1, 315), (1, 0), (1, 45), (0, 45), (0, 90), (2, 45)]
Iteration #11 -------------------------
Current node: (2, 90)
Frontier: [(3, 90), (3, 45), (2, 0), (0, 315), (2, 315), (0, 270), (2, 270), (0, 225), (2, 225), (0, 180), (2, 180), (1, 90), (0, 135), (2, 135)]
Explored States: [(1, 135), (1, 180), (1, 225), (1, 270), (1, 315), (1, 0), (1, 45), (0, 45), (0, 90), (2, 45), (2, 90)]
Iteration #12 -------------------------
Current node: (3, 90)
Frontier: [(3, 135), (4, 90), (3, 45), (2, 0), (0, 315), (2, 315), (0, 270), (2, 270), (0, 225), (2, 225), (0, 180), (2, 180), (1, 90), (0, 135), (2, 135)]
Explored States: [(1, 135), (1, 180), (1, 225), (1, 270), (1, 315), (1, 0), (1, 45), (0, 45), (0, 90), (2, 45), (2, 90), (3, 90)]
Iteration #13 -------------------------
Current node: (3, 135)
Frontier: [(3, 180), (4, 135), (4, 90), (3, 45), (2, 0), (0, 315), (2, 315), (0, 270), (2, 270), (0, 225), (2, 225), (0, 180), (2, 180), (1, 90), (0, 135), (2, 135)]
Explored States: [(1, 135), (1, 180), (1, 225), (1, 270), (1, 315), (1, 0), (1, 45), (0, 45), (0, 90), (2, 45), (2, 90), (3, 90), (3, 135)]
Iteration #14 -------------------------
Current node: (3, 180)
Frontier: [(3, 225), (4, 180), (4, 135), (4, 90), (3, 45), (2, 0), (0, 315), (2, 315), (0, 270), (2, 270), (0, 225), (2, 225), (0, 180), (2, 180), (1, 90), (0, 135), (2, 135)]
Explored States: [(1, 135), (1, 180), (1, 225), (1, 270), (1, 315), (1, 0), (1, 45), (0, 45), (0, 90), (2, 45), (2, 90), (3, 90), (3, 135), (3, 180)]
Iteration #15 -------------------------
Current node: (3, 225)
Frontier: [(3, 270), (4, 225), (4, 180), (4, 135), (4, 90), (3, 45), (2, 0), (0, 315), (2, 315), (0, 270), (2, 270), (0, 225), (2, 225), (0, 180), (2, 180), (1, 90), (0, 135), (2, 135)]
Explored States: [(1, 135), (1, 180), (1, 225), (1, 270), (1, 315), (1, 0), (1, 45), (0, 45), (0, 90), (2, 45), (2, 90), (3, 90), (3, 135), (3, 180), (3, 225)]
Iteration #16 -------------------------
Current node: (3, 270)
Frontier: [(3, 315), (4, 270), (4, 225), (4, 180), (4, 135), (4, 90), (3, 45), (2, 0), (0, 315), (2, 315), (0, 270), (2, 270), (0, 225), (2, 225), (0, 180), (2, 180), (1, 90), (0, 135), (2, 135)]
Explored States: [(1, 135), (1, 180), (1, 225), (1, 270), (1, 315), (1, 0), (1, 45), (0, 45), (0, 90), (2, 45), (2, 90), (3, 90), (3, 135), (3, 180), (3, 225), (3, 270)]
Iteration #17 -------------------------
Current node: (3, 315)
Frontier: [(3, 0), (4, 315), (4, 270), (4, 225), (4, 180), (4, 135), (4, 90), (3, 45), (2, 0), (0, 315), (2, 315), (0, 270), (2, 270), (0, 225), (2, 225), (0, 180), (2, 180), (1, 90), (0, 135), (2, 135)]
Explored States: [(1, 135), (1, 180), (1, 225), (1, 270), (1, 315), (1, 0), (1, 45), (0, 45), (0, 90), (2, 45), (2, 90), (3, 90), (3, 135), (3, 180), (3, 225), (3, 270), (3, 315)]
Iteration #18 -------------------------
Current node: (3, 0)
Frontier: [(4, 0), (4, 315), (4, 270), (4, 225), (4, 180), (4, 135), (4, 90), (3, 45), (2, 0), (0, 315), (2, 315), (0, 270), (2, 270), (0, 225), (2, 225), (0, 180), (2, 180), (1, 90), (0, 135), (2, 135)]
Explored States: [(1, 135), (1, 180), (1, 225), (1, 270), (1, 315), (1, 0), (1, 45), (0, 45), (0, 90), (2, 45), (2, 90), (3, 90), (3, 135), (3, 180), (3, 225), (3, 270), (3, 315), (3, 0)]
Iteration #19 -------------------------
Current node: (4, 0)
Frontier: [(4, 45), (5, 0), (4, 315), (4, 270), (4, 225), (4, 180), (4, 135), (4, 90), (3, 45), (2, 0), (0, 315), (2, 315), (0, 270), (2, 270), (0, 225), (2, 225), (0, 180), (2, 180), (1, 90), (0, 135), (2, 135)]
Explored States: [(1, 135), (1, 180), (1, 225), (1, 270), (1, 315), (1, 0), (1, 45), (0, 45), (0, 90), (2, 45), (2, 90), (3, 90), (3, 135), (3, 180), (3, 225), (3, 270), (3, 315), (3, 0), (4, 0)]
Iteration #20 -------------------------
Current node: (4, 45)
Frontier: [(5, 45), (5, 0), (4, 315), (4, 270), (4, 225), (4, 180), (4, 135), (4, 90), (3, 45), (2, 0), (0, 315), (2, 315), (0, 270), (2, 270), (0, 225), (2, 225), (0, 180), (2, 180), (1, 90), (0, 135), (2, 135)]
Explored States: [(1, 135), (1, 180), (1, 225), (1, 270), (1, 315), (1, 0), (1, 45), (0, 45), (0, 90), (2, 45), (2, 90), (3, 90), (3, 135), (3, 180), (3, 225), (3, 270), (3, 315), (3, 0), (4, 0), (4, 45)]
Iteration #21 -------------------------
Current node: (5, 45)
Frontier: [(5, 90), (6, 45), (5, 0), (4, 315), (4, 270), (4, 225), (4, 180), (4, 135), (4, 90), (3, 45), (2, 0), (0, 315), (2, 315), (0, 270), (2, 270), (0, 225), (2, 225), (0, 180), (2, 180), (1, 90), (0, 135), (2, 135)]
Explored States: [(1, 135), (1, 180), (1, 225), (1, 270), (1, 315), (1, 0), (1, 45), (0, 45), (0, 90), (2, 45), (2, 90), (3, 90), (3, 135), (3, 180), (3, 225), (3, 270), (3, 315), (3, 0), (4, 0), (4, 45), (5, 45)]
Iteration #22 -------------------------
Current node: (5, 90)
Frontier: [(5, 135), (6, 90), (6, 45), (5, 0), (4, 315), (4, 270), (4, 225), (4, 180), (4, 135), (4, 90), (3, 45), (2, 0), (0, 315), (2, 315), (0, 270), (2, 270), (0, 225), (2, 225), (0, 180), (2, 180), (1, 90), (0, 135), (2, 135)]
Explored States: [(1, 135), (1, 180), (1, 225), (1, 270), (1, 315), (1, 0), (1, 45), (0, 45), (0, 90), (2, 45), (2, 90), (3, 90), (3, 135), (3, 180), (3, 225), (3, 270), (3, 315), (3, 0), (4, 0), (4, 45), (5, 45), (5, 90)]
Iteration #23 -------------------------
Current node: (5, 135)
Frontier: [(6, 90), (6, 45), (5, 0), (4, 315), (4, 270), (4, 225), (4, 180), (4, 135), (4, 90), (3, 45), (2, 0), (0, 315), (2, 315), (0, 270), (2, 270), (0, 225), (2, 225), (0, 180), (2, 180), (1, 90), (0, 135), (2, 135)]
Explored States: [(1, 135), (1, 180), (1, 225), (1, 270), (1, 315), (1, 0), (1, 45), (0, 45), (0, 90), (2, 45), (2, 90), (3, 90), (3, 135), (3, 180), (3, 225), (3, 270), (3, 315), (3, 0), (4, 0), (4, 45), (5, 45), (5, 90), (5, 135)]

Path found using DFS in 6.08 ms!
Flight instructions (20) : [H90, H90, H90, H90, H90, H90, H180, H90, H180, H90, H90, H90, H90, H90, H90, H180, H90, H180, H90, H90]
Path followed (21 states): [(1, 135), (1, 180), (1, 225), (1, 270), (1, 315), (1, 0), (1, 45), (2, 45), (2, 90), (3, 90), (3, 135), (3, 180), (3, 225), (3, 270), (3, 315), (3, 0), (4, 0), (4, 45), (5, 45), (5, 90), (5, 135)]
Solution path cost: 35.416

Current node depth: 20
Nodes created: 45
23 states expanded: [(1, 135), (1, 180), (1, 225), (1, 270), (1, 315), (1, 0), (1, 45), (0, 45), (0, 90), (2, 45), (2, 90), (3, 90), (3, 135), (3, 180), (3, 225), (3, 270), (3, 315), (3, 0), (4, 0), (4, 45), (5, 45), (5, 90), (5, 135)]
